1000 50 22524
489 52 4 501
486 51 840 500
495 59 159 499
494 61 951 497
472 60 876 485
463 57 377 482
493 81 712 481
482 73 494 480
470 71 998 475
451 61 780 472
486 88 77 471
444 67 120 464
492 106 469 461
472 90 608 461
490 104 641 461
483 99 386 460
473 92 842 460
426 63 705 458
479 100 130 457
482 102 466 457
444 80 228 453
438 77 913 452
469 100 297 451
456 90 542 451
431 75 982 450
489 118 14 449
455 95 957 447
381 54 281 445
410 70 81 444
474 112 216 444
425 80 26 442
373 56 547 440
450 99 610 440
475 119 934 440
397 73 59 435
350 52 220 435
492 140 226 435
390 73 737 432
460 118 316 431
423 94 781 430
357 63 493 427
497 156 687 427
317 50 3 426
319 58 710 419
447 125 238 418
436 118 603 417
75 59 689 417
419 107 294 416
446 127 43 415
478 156 412 414
285 54 483 414
351 76 68 413
426 116 392 413
314 64 150 412
94 59 380 412
296 60 221 411
433 124 25 410
305 63 161 410
490 173 948 410
357 84 447 408
206 50 528 408
155 52 839 408
412 112 901 408
230 53 798 407
167 53 612 406
378 96 776 406
259 58 76 405
89 67 497 405
186 54 132 404
203 54 191 404
124 60 436 404
386 103 79 403
94 68 166 403
229 56 233 403
119 62 321 403
392 107 324 403
107 65 514 403
129 61 183 402
247 59 277 402
179 56 794 402
178 57 416 401
199 57 550 401
186 57 584 401
247 60 836 401
493 191 61 400
325 80 118 400
155 60 314 400
398 113 572 400
128 66 702 398
201 61 187 397
452 157 73 396
304 77 180 396
332 86 452 396
155 66 461 394
121 71 463 394
420 134 600 394
58 89 925 394
338 92 337 393
386 115 403 393
79 82 478 393
65 87 498 393
408 129 52 392
334 92 816 392
309 84 1000 391
124 75 766 390
128 74 895 390
457 172 523 388
284 80 617 388
488 204 850 388
297 86 47 386
376 117 706 386
438 159 333 385
179 73 796 385
481 200 949 385
142 78 382 384
184 74 396 384
236 76 863 384
339 103 237 383
391 129 964 383
487 214 310 381
111 86 897 381
416 148 967 381
145 81 578 380
287 89 673 380
462 187 954 380
224 80 762 379
220 81 345 378
339 108 685 378
267 88 11 377
125 88 812 377
256 87 284 376
398 142 740 376
374 127 752 376
108 93 131 375
73 103 548 375
369 126 628 375
238 86 64 374
73 104 307 374
128 90 848 374
429 167 728 373
203 86 390 372
98 99 569 372
105 97 663 372
262 92 726 372
369 130 80 371
153 89 287 371
167 88 401 371
315 108 149 370
376 135 453 370
129 94 668 370
77 108 92 369
437 179 445 369
391 146 75 368
104 101 686 368
366 132 791 368
324 114 33 367
51 120 846 367
67 115 126 366
446 192 814 366
447 193 855 366
240 96 104 365
183 93 251 365
92 108 482 365
157 95 616 365
448 196 106 364
148 97 378 364
173 96 266 363
189 96 581 362
463 215 995 362
448 201 777 361
378 147 782 361
456 210 248 360
488 248 438 360
485 245 587 360
450 206 232 359
191 99 985 359
342 132 199 358
497 266 323 358
452 209 464 358
442 199 654 358
474 233 707 358
420 180 746 358
225 101 898 358
62 128 133 356
71 124 492 356
191 102 669 356
235 104 843 356
128 109 37 355
412 177 410 355
399 168 433 355
462 224 589 355
473 237 621 355
352 141 426 354
220 105 693 354
51 135 701 354
271 113 136 353
335 134 370 353
311 125 820 353
474 241 875 353
472 243 664 351
70 130 856 351
444 211 991 351
88 125 17 350
69 131 20 350
462 232 88 350
185 108 367 350
282 119 803 350
450 219 45 349
51 140 280 349
242 112 366 349
499 287 790 349
379 161 808 349
182 109 890 349
434 205 66 348
94 125 646 348
465 240 624 347
231 113 751 347
493 283 381 346
265 119 563 346
495 285 741 346
119 120 792 346
418 195 143 345
240 116 557 345
111 123 558 345
438 213 932 345
398 180 549 344
342 147 567 344
313 135 607 344
97 128 888 344
345 149 146 343
203 115 372 343
50 147 868 343
410 191 896 343
135 121 82 342
469 253 656 342
187 116 681 342
130 122 800 342
257 122 833 342
106 129 71 341
409 193 405 341
397 183 614 341
352 155 711 341
340 149 813 341
254 122 832 341
266 125 414 340
353 157 917 340
176 119 945 340
493 295 978 340
114 129 774 339
263 127 358 338
289 133 376 338
179 120 568 338
290 134 824 338
65 147 670 337
158 123 866 337
324 148 630 336
495 307 642 336
294 137 732 336
364 170 213 334
455 248 553 334
223 126 117 333
60 154 247 333
108 138 829 332
420 215 296 331
58 157 636 331
322 153 619 330
389 191 899 330
464 269 999 329
65 157 675 328
129 137 688 328
73 153 736 328
242 134 691 327
265 140 57 326
422 224 245 326
382 191 520 326
491 321 750 326
121 142 513 325
356 177 165 324
342 169 860 324
394 202 865 324
475 300 85 322
468 287 109 322
85 155 302 322
74 160 303 322
448 259 674 322
327 168 387 319
184 139 622 319
55 173 666 318
71 165 760 318
328 170 256 317
148 144 575 317
388 207 809 317
94 159 107 316
289 156 264 316
286 155 969 316
151 147 2 314
250 149 65 314
87 163 218 314
270 153 311 314
294 160 343 314
298 161 437 314
319 170 987 314
50 182 162 312
441 266 637 312
115 156 747 312
300 164 757 312
359 193 784 312
477 328 51 311
191 147 255 311
103 161 481 311
108 159 729 311
467 310 341 310
167 149 891 310
500 409 151 309
422 249 177 309
66 177 739 309
214 151 950 308
495 390 984 308
435 266 299 307
365 202 418 307
489 372 63 306
64 181 431 306
224 153 571 306
365 204 765 306
463 313 506 305
146 158 111 304
407 240 147 304
478 346 274 304
489 379 679 304
496 417 810 304
493 399 892 304
295 171 907 304
97 170 992 304
154 158 96 303
55 189 320 303
156 159 95 302
496 481 217 302
295 173 604 302
366 209 645 302
301 176 40 301
251 162 152 301
443 289 503 300
494 435 941 300
488 394 986 300
367 214 394 299
215 160 490 299
462 324 526 299
481 376 97 298
281 173 579 298
438 285 880 298
304 182 566 297
490 477 19 296
243 166 451 296
472 354 639 296
187 162 931 296
156 166 41 295
87 183 240 295
481 386 599 295
426 275 772 295
490 460 778 295
211 163 989 295
221 165 134 294
489 470 524 294
433 286 598 294
343 204 903 294
93 182 976 294
446 307 62 293
397 246 234 293
427 279 325 293
484 412 357 293
141 170 597 293
415 264 734 293
248 171 39 292
329 199 140 292
311 190 487 292
394 245 351 291
125 177 477 290
474 380 799 290
252 174 861 290
124 177 874 290
189 169 93 289
273 180 211 289
70 197 648 289
279 183 244 288
483 466 353 288
365 225 544 288
86 192 44 287
107 185 53 287
258 178 877 287
325 203 105 286
480 438 285 286
477 410 872 286
467 370 933 286
449 328 696 285
476 412 912 285
463 364 257 284
428 297 349 283
176 176 395 283
477 434 458 283
455 349 148 282
285 191 556 282
320 207 246 280
473 491 313 280
178 179 429 280
72 207 471 280
64 212 128 279
454 354 215 279
440 325 298 279
83 202 672 279
161 182 171 278
429 307 499 278
423 299 594 278
469 411 779 278
472 466 87 277
472 450 141 277
383 255 317 277
398 270 329 277
451 354 727 276
121 193 12 275
72 212 444 275
447 348 632 275
351 233 225 274
349 232 966 273
235 189 15 272
59 223 145 272
70 218 42 271
133 194 157 271
367 248 283 271
253 193 391 271
439 340 468 271
314 215 683 271
400 280 723 271
447 358 996 271
418 305 947 270
371 254 123 269
253 195 541 269
455 395 94 268
239 194 203 268
273 202 330 268
274 202 340 268
300 211 425 268
406 293 633 268
208 190 659 268
144 196 35 267
409 300 102 266
170 193 360 266
337 234 785 265
339 236 817 265
399 290 169 264
331 232 261 264
200 194 342 264
458 432 709 264
377 267 807 264
213 195 961 264
166 197 219 263
180 195 407 263
135 202 682 263
359 253 722 263
454 495 371 262
119 207 389 262
360 254 398 262
433 349 596 262
411 310 652 262
232 199 733 262
443 375 921 262
411 311 946 261
451 415 5 260
74 228 404 260
385 280 754 260
253 206 355 259
439 370 531 259
323 234 49 258
435 364 368 258
71 232 408 258
114 213 576 258
354 255 590 258
109 215 805 258
437 370 885 258
436 366 935 258
71 233 69 257
204 201 421 257
307 227 435 257
416 326 480 257
165 203 893 257
203 202 101 256
451 466 640 256
185 203 773 255
278 217 968 255
258 212 409 254
356 262 511 254
449 463 647 254
297 226 374 253
194 205 375 253
139 211 467 253
328 244 413 252
91 228 450 252
154 209 529 252
64 243 704 252
345 255 735 252
445 429 828 252
204 207 293 251
444 428 338 251
88 231 400 251
445 463 58 250
228 210 121 250
181 208 352 250
235 211 446 250
443 490 914 250
436 391 963 250
50 255 570 249
285 226 767 249
418 348 858 249
443 476 977 249
355 268 108 248
440 499 510 248
235 213 748 248
442 479 822 248
441 441 83 247
86 236 124 247
393 311 559 247
332 254 282 246
346 265 551 245
195 213 565 245
253 220 580 245
192 213 886 245
439 477 936 245
428 384 593 244
436 428 267 243
426 382 605 243
346 268 835 243
243 220 871 243
409 342 918 243
379 301 417 242
430 399 456 242
437 465 763 242
434 431 204 241
180 217 432 241
224 219 472 241
232 220 745 241
112 233 859 240
395 326 882 240
209 219 631 239
424 390 658 239
314 252 188 238
129 229 397 238
297 243 500 238
290 242 86 236
429 424 473 236
128 232 878 236
356 286 905 236
264 233 485 235
392 329 488 235
422 397 521 235
344 277 103 234
413 374 344 234
378 312 852 234
427 488 955 234
77 257 423 233
220 226 718 233
101 245 738 233
421 403 758 233
350 286 110 232
425 431 206 232
403 355 235 232
107 243 815 232
357 294 89 231
418 398 443 231
407 367 847 231
393 340 56 230
191 228 509 230
218 229 629 230
425 464 983 230
376 318 163 229
193 229 210 229
86 257 958 229
391 341 273 228
253 238 276 228
421 427 279 228
288 250 649 228
66 271 476 227
419 421 920 227
381 329 31 226
394 353 988 225
389 346 135 224
415 500 242 224
361 307 292 224
419 457 516 224
120 249 415 222
53 288 538 222
108 255 23 221
222 239 787 221
400 378 369 220
410 410 402 220
413 426 671 220
201 238 959 220
413 440 561 219
311 272 802 219
302 268 224 218
404 401 125 217
408 419 930 217
409 486 72 216
406 412 201 216
234 246 334 216
128 253 522 216
221 245 172 215
198 243 350 215
249 251 22 214
228 247 336 214
380 351 684 214
248 251 818 214
111 262 354 213
402 409 536 213
145 251 837 213
406 486 990 213
393 383 420 212
377 349 434 212
306 278 6 211
404 426 347 211
389 376 505 211
405 443 601 211
264 259 783 211
371 343 361 210
405 454 496 210
403 440 192 209
355 323 698 209
283 269 46 208
232 253 262 208
230 253 385 208
392 392 900 208
340 310 862 207
335 307 115 206
57 305 788 206
109 271 853 206
289 276 207 205
219 254 328 205
362 340 462 204
58 307 470 204
222 257 680 203
203 255 770 203
374 363 972 203
395 431 595 202
84 291 625 201
331 310 690 201
364 349 721 201
335 314 849 201
216 258 919 201
265 270 994 201
395 468 270 200
167 260 667 200
223 260 926 200
276 276 156 199
325 309 139 198
116 276 295 198
224 262 789 198
217 262 70 197
390 489 223 197
367 363 427 196
259 273 715 196
336 322 806 196
302 295 239 195
136 272 539 195
332 319 626 195
67 311 771 195
229 268 560 193
169 267 725 193
387 470 894 192
364 367 997 192
139 275 13 191
365 372 826 191
382 497 857 191
385 436 962 191
187 267 975 191
133 278 651 190
146 275 55 189
376 403 113 189
82 307 194 189
336 334 9 188
242 276 448 188
381 428 543 188
365 378 786 188
114 290 112 187
347 350 91 186
136 282 269 186
115 290 312 186
186 273 10 185
326 328 74 185
332 333 258 185
135 283 268 185
135 283 388 185
337 340 845 185
305 309 870 185
376 427 348 184
214 276 153 183
86 311 318 183
377 438 928 183
193 276 971 182
82 317 306 181
89 311 634 181
336 345 761 181
116 296 457 180
222 280 643 180
66 332 755 180
253 289 583 179
149 285 743 179
74 328 545 178
270 298 465 177
188 281 883 177
299 315 952 177
125 296 356 176
250 291 428 176
219 284 714 176
363 404 844 176
188 282 937 176
82 325 335 175
62 346 50 174
342 364 708 174
66 341 768 174
168 287 363 173
359 406 504 172
312 332 535 172
285 312 697 172
294 318 821 171
365 446 209 170
124 303 486 170
364 440 552 170
211 290 198 169
261 302 867 169
328 356 60 168
315 340 114 168
230 295 208 167
156 296 530 167
207 291 854 167
172 293 927 167
207 291 993 167
136 303 16 166
271 310 241 166
58 365 660 166
280 316 449 165
290 323 574 165
62 361 749 165
359 462 953 164
265 310 965 164
358 466 546 163
349 406 665 163
353 422 18 162
354 491 54 162
71 354 243 162
54 381 613 161
66 364 422 160
353 435 795 160
351 426 441 159
169 301 939 159
52 390 24 158
350 489 308 158
233 305 764 158
193 301 591 157
205 301 742 157
305 346 801 157
182 303 205 156
345 415 440 156
261 318 36 155
188 303 502 155
216 304 527 155
248 312 973 155
76 361 173 154
345 491 326 154
282 331 657 154
153 311 260 153
233 310 419 153
346 431 980 153
177 307 29 152
87 351 272 152
262 322 519 152
61 387 904 152
121 325 906 152
147 315 100 151
343 489 831 151
178 309 231 150
56 402 359 150
124 326 577 150
344 473 775 150
345 456 940 150
239 316 275 149
337 415 700 148
74 379 501 145
270 335 8 144
128 330 489 144
60 409 592 144
334 427 573 142
90 362 942 142
334 429 970 142
259 333 38 140
60 496 362 140
66 408 373 138
62 421 618 138
268 341 873 138
235 326 881 138
69 405 127 137
295 364 263 137
197 321 384 137
322 410 99 136
227 326 202 136
265 341 713 136
169 324 804 136
329 472 190 135
327 485 300 135
215 324 507 135
249 334 533 135
288 360 650 135
273 349 508 134
65 428 393 133
198 325 719 133
241 334 138 132
171 328 271 132
189 326 562 132
325 446 305 131
203 327 564 131
313 400 717 131
66 441 884 130
324 470 956 130
167 332 236 129
252 343 254 128
138 345 129 127
305 394 474 127
151 339 585 127
88 392 793 126
73 491 851 126
70 462 184 125
94 385 288 125
102 374 879 125
83 403 923 125
319 464 174 124
76 423 411 124
298 389 475 124
311 413 611 124
207 335 944 124
72 456 346 123
147 345 602 123
318 449 979 123
73 462 278 122
146 346 301 122
75 477 606 121
187 338 676 120
245 349 703 120
135 355 1 119
158 345 84 119
239 347 459 119
78 436 644 119
139 354 90 118
262 361 154 118
309 429 902 118
221 343 981 118
203 342 699 116
103 389 158 115
84 429 227 115
142 356 943 115
302 418 869 114
290 397 517 113
140 359 627 113
257 364 724 113
305 435 484 112
287 396 167 111
101 399 195 111
282 390 304 110
86 475 315 110
261 370 638 110
271 380 200 109
264 374 454 109
180 350 609 109
87 446 694 109
87 455 182 108
299 488 253 108
299 487 479 108
213 353 830 107
286 404 322 106
110 395 399 106
104 404 811 106
125 381 179 104
271 387 615 104
92 460 185 103
98 493 319 103
147 367 339 103
266 383 406 103
188 355 588 103
281 401 695 103
220 358 929 103
106 409 911 102
256 380 32 99
256 380 34 99
124 390 439 98
216 362 841 98
251 379 175 97
277 406 731 97
100 448 119 96
192 363 250 95
103 439 116 94
282 423 289 94
238 374 730 94
248 381 290 93
126 395 744 93
284 476 364 91
285 444 365 91
141 385 916 91
272 409 960 91
159 375 252 90
282 476 555 89
280 482 28 88
183 371 98 88
231 379 21 87
109 448 430 87
130 400 819 87
281 453 383 86
128 410 554 82
199 376 662 82
122 421 678 82
116 475 716 81
275 455 155 80
116 455 78 79
269 486 286 79
171 383 537 79
208 381 756 78
169 385 309 77
119 468 769 77
251 405 827 77
119 452 332 76
269 473 582 76
263 425 653 76
156 394 30 75
254 499 823 72
175 390 168 71
207 389 214 70
169 394 455 69
131 434 442 68
155 404 27 67
260 440 249 67
130 473 291 67
262 454 460 67
227 399 495 67
253 425 759 67
128 453 908 67
245 499 887 65
148 414 176 64
253 431 230 64
247 496 491 64
252 488 518 64
138 484 48 63
132 464 229 63
243 417 532 63
141 425 834 63
189 396 122 62
135 447 623 61
247 490 909 61
140 472 212 57
246 484 424 57
171 406 825 57
244 431 196 56
166 411 265 55
182 406 525 54
248 452 67 53
247 450 142 53
144 461 259 51
161 420 655 51
173 414 720 49
154 432 797 49
149 442 938 49
242 451 864 48
226 423 144 47
149 447 160 47
201 411 586 47
240 473 753 47
184 414 512 45
203 414 534 45
151 450 661 45
154 444 540 43
160 483 922 43
219 423 379 42
173 422 910 42
233 474 181 41
162 483 331 41
234 461 677 39
220 486 7 38
229 474 222 38
197 496 915 38
196 421 193 37
187 492 924 35
193 491 170 33
168 475 178 32
203 488 164 31
224 469 620 31
177 434 974 30
217 473 692 27
180 481 889 27
199 432 635 26
196 483 327 25
217 458 137 22
176 448 515 21
211 456 197 16
192 444 186 14
203 466 838 11
195 458 189 0
