1000 50 23216
50 500 603 519
56 489 186 506
83 498 986 499
70 488 60 498
52 475 493 497
79 487 324 492
74 483 965 491
115 499 236 485
86 478 579 481
62 462 634 480
87 475 187 478
123 495 759 478
77 465 343 475
70 459 490 473
107 480 289 472
78 462 460 472
90 469 658 471
104 476 347 470
137 489 253 466
119 476 63 463
106 469 216 463
99 465 533 463
119 475 319 462
127 479 470 462
137 485 546 462
64 441 555 462
55 430 249 459
52 425 310 457
150 484 209 456
147 483 317 456
134 475 661 455
106 460 948 455
96 452 46 453
155 483 290 453
86 445 797 453
193 498 950 453
188 495 64 452
138 474 288 452
165 483 462 449
119 461 855 449
132 466 608 448
465 496 918 447
168 482 956 447
108 449 647 445
94 438 101 443
87 432 561 442
189 481 301 439
98 435 473 438
86 427 997 438
443 492 72 437
467 485 150 437
266 499 733 437
74 416 629 436
235 491 479 435
423 493 427 434
387 498 105 433
92 425 588 433
389 498 682 433
299 498 484 432
300 498 505 432
267 493 390 431
54 393 852 431
229 484 31 430
332 498 90 430
469 477 615 430
230 483 425 429
463 478 803 429
381 495 839 429
94 420 51 428
89 417 119 428
142 449 159 428
484 470 190 428
264 490 594 428
149 453 874 428
451 480 785 427
435 483 469 426
89 414 614 426
278 488 206 424
371 490 300 423
456 474 502 423
368 489 85 422
424 481 122 422
481 465 791 422
432 479 872 422
317 489 515 421
438 476 66 420
306 487 193 420
295 486 224 420
294 486 247 420
103 414 8 418
139 436 788 418
308 485 835 418
80 397 174 417
489 456 694 417
488 457 776 417
212 465 217 416
137 433 255 416
354 484 309 416
449 469 532 416
289 481 534 416
391 480 571 416
338 484 686 416
430 472 428 415
125 424 810 414
422 472 205 413
201 457 116 412
302 479 361 412
264 473 670 412
209 459 438 411
220 462 447 411
302 477 4 410
400 473 749 410
315 477 934 410
197 452 58 409
493 445 278 408
170 440 430 408
497 443 440 408
70 376 488 408
315 475 958 408
343 475 263 407
353 475 375 407
261 467 245 406
209 453 547 406
106 402 994 406
294 471 133 405
201 450 270 405
69 372 944 405
118 407 382 404
142 422 636 404
62 364 800 404
69 369 356 403
383 468 393 403
151 424 302 402
51 350 333 402
137 417 475 402
369 469 735 402
216 450 452 401
87 382 730 401
194 442 442 400
276 463 529 400
455 448 123 398
93 382 248 398
100 388 856 398
276 460 93 397
60 352 335 397
378 463 834 397
469 441 625 396
99 384 745 396
216 445 920 396
196 435 567 393
476 435 539 392
153 414 795 392
119 393 202 391
361 458 360 391
459 438 143 390
375 456 162 390
126 396 212 390
474 433 969 390
101 377 97 389
235 443 388 389
174 421 403 389
74 354 809 389
97 373 179 388
278 451 240 388
445 441 814 388
197 430 911 388
351 455 103 387
79 356 315 387
75 353 598 387
351 453 284 385
430 441 734 384
251 442 827 384
366 450 483 383
451 432 149 381
450 432 769 381
114 377 772 381
210 426 599 380
412 441 698 380
145 396 990 380
491 413 482 378
155 399 643 378
173 409 842 378
51 314 106 377
202 419 48 376
386 441 81 376
286 441 298 376
132 383 491 376
51 312 662 376
313 442 194 375
377 441 365 375
176 406 492 374
366 441 716 374
432 430 878 374
235 428 949 374
78 337 88 373
180 406 132 373
299 439 538 373
230 425 761 373
226 423 817 372
445 423 527 371
297 437 617 371
172 399 280 370
288 435 352 370
138 380 391 370
156 388 70 368
421 426 506 368
223 417 616 367
131 372 721 367
225 416 398 366
60 307 591 366
138 375 954 366
281 429 178 365
195 404 274 365
211 411 369 365
377 431 374 365
351 433 717 365
124 364 830 365
118 359 348 364
243 420 478 364
142 375 498 364
480 403 891 364
151 380 518 363
241 418 605 363
410 423 99 362
486 398 405 362
283 426 413 362
257 421 898 362
88 331 961 362
387 426 231 361
398 424 573 361
386 426 691 361
458 408 792 361
466 404 286 360
101 338 587 359
306 426 857 359
368 424 742 357
168 381 14 356
278 419 723 356
213 401 137 355
156 373 660 355
414 414 136 354
292 419 220 354
166 377 357 353
321 420 241 352
158 371 474 352
106 333 756 352
90 319 936 352
431 406 49 351
255 409 541 351
498 380 960 351
156 369 977 351
69 293 695 350
63 286 970 350
224 398 86 349
107 331 180 349
497 378 229 349
248 405 780 349
56 275 924 349
127 345 114 348
374 414 161 348
372 413 242 347
64 283 446 347
251 404 556 347
68 287 773 347
164 367 496 345
217 391 535 345
429 401 692 345
108 323 680 343
71 283 431 342
333 410 799 342
99 312 635 341
95 308 942 341
481 376 685 340
378 406 697 340
227 390 798 340
72 278 110 338
92 301 500 338
303 403 982 337
192 371 463 336
301 402 569 336
262 396 702 336
139 339 719 336
473 374 277 335
405 396 683 335
130 332 740 335
448 384 963 335
98 302 98 334
412 393 102 334
405 395 652 334
206 375 782 334
251 390 421 333
122 322 458 333
245 388 886 333
193 367 477 332
119 318 628 332
482 366 42 331
351 399 155 331
303 397 824 331
288 393 124 329
400 391 457 329
473 367 115 328
53 232 135 328
150 338 304 328
396 391 906 328
230 377 192 327
57 237 422 327
250 383 848 327
221 373 55 326
67 250 485 326
456 372 659 326
74 260 754 326
285 389 128 325
177 351 922 325
104 293 214 324
372 390 262 324
235 375 669 324
132 319 844 324
275 385 146 323
116 303 294 323
470 362 383 323
350 390 7 322
99 285 537 322
286 386 823 322
379 387 967 322
446 370 282 321
355 386 404 319
177 344 576 319
382 384 910 319
83 259 10 318
192 351 260 318
207 357 879 317
54 209 134 316
265 376 250 316
69 234 275 315
52 202 801 315
454 359 581 314
411 373 757 314
388 377 851 313
69 229 940 313
451 360 981 313
183 339 107 312
82 247 865 312
267 372 978 312
78 241 160 311
159 323 325 311
499 334 551 311
214 354 837 311
251 366 350 310
78 239 725 310
93 259 912 310
70 224 1 309
306 375 166 309
272 370 495 309
403 370 526 309
444 358 849 309
155 316 665 308
335 375 104 307
155 315 674 307
273 367 22 306
88 246 65 306
101 262 91 306
419 363 287 306
390 369 445 306
323 374 528 306
272 366 305 305
59 194 450 305
139 300 955 305
331 372 226 304
162 317 905 304
345 371 476 303
93 247 543 303
439 353 838 303
177 324 113 302
97 251 246 302
391 364 34 301
300 367 921 301
198 334 18 300
91 239 61 300
185 327 271 300
426 354 624 300
173 319 642 300
133 286 400 299
86 231 552 299
207 337 613 299
207 337 866 299
80 219 336 298
492 322 585 298
414 356 812 298
67 191 227 297
307 363 966 297
131 280 407 296
385 360 451 296
84 221 945 296
393 357 489 294
353 362 737 294
325 361 223 293
290 357 252 293
319 360 332 293
100 240 464 293
55 140 322 291
101 238 738 291
296 355 441 290
490 314 467 290
57 144 696 290
58 147 973 290
386 353 78 289
119 258 152 289
141 281 380 289
75 190 520 289
54 125 612 289
378 354 666 289
135 275 790 289
313 356 926 289
372 354 559 288
468 324 895 288
481 316 126 287
83 201 140 287
324 355 244 287
103 235 589 287
53 108 654 287
468 323 825 287
96 224 829 287
159 293 832 287
304 352 45 286
424 340 267 286
121 255 655 286
372 352 941 286
51 72 985 286
345 353 30 285
52 62 189 285
186 310 384 285
154 286 763 285
129 263 938 285
345 352 630 284
53 57 648 284
209 322 777 284
99 221 208 283
57 107 459 283
54 82 678 283
208 319 218 282
440 330 237 282
57 102 330 282
294 346 627 281
148 276 700 281
263 339 861 281
349 348 313 280
62 121 351 280
57 80 897 280
495 298 415 279
271 339 563 279
140 265 779 279
60 104 806 279
466 314 334 278
234 325 195 277
459 317 402 277
407 335 89 276
116 233 353 276
66 121 923 276
294 340 17 275
439 323 385 275
63 92 909 275
474 305 96 274
200 305 129 274
448 319 243 274
462 312 292 274
167 283 807 274
494 291 964 273
289 336 207 272
72 129 412 272
179 289 596 272
349 340 786 272
82 162 860 272
437 321 908 272
97 192 845 270
411 327 23 269
444 315 183 269
403 329 548 269
97 189 701 269
100 196 881 269
87 165 867 268
71 95 127 267
322 335 644 267
462 304 992 267
222 308 215 266
377 331 562 266
71 72 775 266
72 56 67 265
150 256 233 265
282 327 850 265
86 152 915 265
136 241 925 265
119 219 957 265
407 323 862 264
369 330 870 264
113 206 331 263
383 327 758 263
196 290 840 263
488 282 416 262
392 323 744 261
85 137 1000 261
151 249 15 260
175 271 593 260
185 279 604 260
244 311 729 260
284 322 12 259
182 275 185 259
496 273 251 259
132 226 273 259
326 327 454 259
400 319 550 259
418 314 640 259
79 54 650 258
158 254 784 258
79 73 869 258
86 125 540 257
495 271 705 257
309 323 932 257
84 101 29 255
93 143 916 255
123 205 326 254
149 237 395 253
118 194 507 253
390 315 514 253
354 320 592 253
227 296 620 253
429 304 900 253
323 320 170 252
373 316 56 251
303 317 291 251
97 137 158 250
353 317 497 250
395 311 564 250
446 293 590 250
357 316 43 249
138 218 316 249
396 310 684 249
251 301 3 248
137 214 153 248
125 196 859 248
383 312 971 248
308 313 341 247
106 156 575 247
180 259 882 247
110 162 221 246
499 253 609 246
367 312 633 246
92 50 713 246
241 294 714 246
121 183 59 245
93 86 327 245
273 304 355 245
139 213 544 245
93 50 566 245
490 258 516 244
398 304 580 244
146 220 751 244
264 299 141 242
134 199 307 242
363 308 435 241
330 309 444 241
176 247 746 241
118 169 989 241
230 283 586 240
121 173 641 240
291 304 808 240
295 303 80 239
99 52 342 239
152 219 417 239
104 116 201 238
303 304 228 238
102 107 293 238
103 113 295 238
188 253 418 238
112 145 699 238
301 302 653 237
424 287 87 236
260 291 899 236
440 280 904 236
107 116 44 235
210 266 225 235
102 59 611 235
422 286 164 234
453 271 774 234
348 301 32 233
458 267 259 233
117 146 517 233
108 113 574 233
455 269 995 233
401 291 172 232
105 68 396 232
208 261 531 232
341 300 762 232
106 72 752 231
111 116 822 231
439 275 984 231
287 292 169 230
125 155 13 229
319 296 509 229
198 249 147 228
460 260 426 228
447 268 676 228
129 160 362 227
111 84 935 227
112 51 913 226
464 254 20 225
500 223 796 225
490 233 917 225
205 249 411 224
385 287 794 224
293 287 75 223
240 269 651 223
231 264 726 223
348 290 77 222
176 221 368 222
115 70 523 222
204 246 864 222
189 234 929 222
261 277 993 222
454 255 549 221
262 275 24 220
252 271 453 220
117 72 513 220
211 248 943 220
235 262 2 219
119 92 9 219
228 258 188 219
249 269 664 219
166 204 76 218
381 282 545 218
412 272 145 217
245 264 689 217
435 259 73 215
305 281 203 215
127 116 323 215
385 278 499 215
490 217 296 214
398 273 553 214
235 255 436 213
468 235 177 212
154 176 279 212
367 278 623 212
330 279 722 211
128 97 766 211
206 234 787 211
207 233 130 210
128 86 213 210
371 275 554 210
296 274 750 210
408 266 983 210
493 207 408 209
178 203 820 209
483 217 854 209
190 217 883 209
147 154 884 209
287 270 211 208
131 93 455 208
155 169 671 208
141 134 320 207
246 254 747 207
389 268 914 207
465 230 47 206
290 269 173 206
260 259 706 206
140 127 877 206
235 247 951 206
169 184 429 204
135 53 131 203
276 262 156 203
326 271 521 203
250 250 69 202
494 195 210 202
463 223 83 200
400 258 741 200
249 245 345 198
197 208 381 198
139 61 519 198
280 258 843 198
422 246 238 197
242 241 359 197
425 243 200 196
145 107 999 196
420 245 92 195
147 114 377 195
428 240 530 195
483 198 673 195
309 260 688 194
280 252 168 193
469 207 138 192
148 104 876 192
366 258 896 192
215 215 57 191
384 253 163 191
426 237 198 191
389 252 266 191
305 256 318 191
450 221 314 190
276 248 443 190
261 242 524 190
363 255 41 189
426 234 197 188
151 96 256 188
364 254 833 188
437 226 339 187
350 254 167 186
454 212 409 186
262 238 853 186
325 253 771 185
459 207 793 185
162 124 148 184
175 156 639 184
239 224 930 184
294 247 974 184
453 210 94 183
366 249 572 183
473 191 704 183
158 101 234 182
371 246 525 181
333 249 847 181
443 214 121 180
424 223 230 178
194 174 386 178
208 190 693 178
475 180 770 178
267 230 378 176
335 244 508 176
448 205 953 176
163 85 235 175
365 241 366 175
196 172 767 175
420 221 283 174
280 231 272 173
185 151 836 173
169 110 975 173
499 127 297 172
473 172 254 171
247 213 258 171
170 104 306 171
166 57 481 171
463 182 139 170
167 64 175 170
250 214 219 170
318 237 610 170
396 223 50 166
280 224 373 166
415 214 510 166
198 158 760 166
195 152 25 165
272 220 831 165
223 185 222 163
176 94 340 163
270 216 11 162
251 204 358 161
472 155 414 161
442 190 602 161
219 177 606 161
461 167 36 159
442 188 363 159
318 225 74 158
185 110 109 158
289 219 461 158
317 224 264 157
481 129 21 156
492 70 841 155
382 215 376 154
284 213 712 154
320 221 927 154
489 89 71 153
479 124 239 153
272 207 268 153
224 171 710 153
476 130 184 152
415 198 329 152
187 84 181 151
311 217 885 151
486 53 448 150
486 86 968 150
277 204 40 149
328 217 53 149
249 188 68 149
212 149 84 149
380 211 346 149
188 64 871 149
485 73 165 148
226 166 472 148
364 214 711 148
253 189 389 147
481 97 903 147
277 201 303 146
334 214 420 146
323 212 265 145
255 187 765 145
198 110 988 145
239 174 401 144
226 159 677 144
305 208 715 144
348 210 176 142
420 182 27 141
232 162 558 141
436 168 657 141
304 205 947 141
453 146 154 140
246 175 308 140
323 207 638 140
357 207 863 140
277 193 19 139
210 125 54 139
202 100 480 139
253 178 100 138
323 205 338 138
437 163 349 138
394 194 778 138
345 206 959 138
414 181 371 137
474 62 996 137
202 56 5 136
220 137 875 136
344 203 157 135
455 133 337 135
206 99 512 135
447 146 753 135
204 90 811 135
235 157 846 135
211 114 354 134
327 202 578 134
465 105 434 133
415 175 646 132
458 121 675 132
205 57 819 132
206 67 232 131
290 190 501 131
448 138 522 131
349 198 656 131
395 186 755 131
297 193 828 131
208 86 118 130
321 197 394 130
280 185 504 130
467 72 919 130
229 139 312 129
440 146 542 129
208 78 637 129
432 156 887 129
208 74 907 129
257 168 182 128
261 171 607 128
211 88 619 128
423 162 783 127
462 84 108 126
325 193 789 126
309 191 858 126
241 148 151 125
461 82 557 125
279 179 724 125
449 121 687 124
215 89 736 124
217 95 38 123
458 92 649 123
372 185 437 122
430 146 406 121
217 84 503 121
303 184 720 121
217 63 16 120
331 188 979 120
432 140 344 119
385 177 703 119
455 53 731 119
221 86 582 117
276 168 708 117
424 145 889 116
240 127 486 114
224 85 568 114
283 167 976 113
442 108 471 112
226 72 111 111
346 178 423 110
446 55 433 110
227 59 449 110
228 77 487 109
403 155 781 109
341 177 813 109
300 170 816 109
228 77 980 109
260 142 410 107
444 70 577 107
422 133 601 107
367 170 465 106
436 106 707 106
404 149 392 105
241 111 668 105
424 125 117 104
287 159 681 104
352 171 888 104
244 115 890 104
316 169 191 103
268 144 631 103
428 113 285 102
293 159 364 101
430 107 419 101
402 145 952 101
415 131 424 100
437 65 597 100
275 144 33 98
276 143 261 97
430 96 311 97
418 121 621 97
248 103 370 96
242 72 893 95
430 80 560 94
367 156 257 93
331 160 600 92
247 56 595 91
337 158 171 90
427 64 199 90
267 124 379 90
255 106 802 90
338 158 892 90
419 104 998 90
417 108 79 89
336 157 372 89
370 149 299 87
314 152 466 87
311 151 972 87
327 152 804 85
421 64 35 84
372 144 276 84
279 129 439 84
387 135 939 84
297 141 112 83
274 122 584 83
295 138 321 82
354 148 739 82
363 145 387 81
260 85 120 79
415 77 367 79
378 136 536 79
413 88 667 79
391 124 868 78
263 90 28 77
271 106 399 76
342 144 718 76
363 139 946 76
340 143 645 75
410 86 679 75
365 136 26 74
406 95 397 74
411 67 570 74
362 137 494 73
318 138 728 73
405 89 727 71
273 96 815 70
403 52 873 68
294 120 805 67
403 74 901 66
392 103 328 65
289 112 432 65
324 132 511 65
401 68 125 64
388 106 142 64
284 103 144 64
388 106 748 64
396 94 821 64
282 95 52 61
359 124 204 60
359 124 991 60
327 124 39 57
376 109 95 57
324 124 894 57
386 96 709 56
393 65 931 56
388 85 37 54
330 122 622 54
286 55 62 53
373 106 663 52
292 51 987 48
380 85 732 46
382 74 743 45
314 107 937 45
326 111 456 44
348 109 880 42
378 73 618 41
303 57 583 36
321 100 690 36
330 103 826 36
303 79 933 36
367 50 82 35
354 95 468 32
305 63 902 32
366 58 818 31
361 51 764 29
362 57 196 27
329 88 281 22
331 53 6 16
353 69 928 16
342 82 632 15
325 66 565 12
347 74 962 12
347 64 672 11
335 75 269 7
341 71 768 5
337 68 626 0
