1000 50 22672
495 76 481 496
479 61 263 493
496 100 846 482
495 100 230 481
490 95 583 480
486 91 785 479
464 67 176 477
458 61 589 477
494 107 854 477
465 73 174 474
449 56 948 473
482 100 264 471
488 116 771 467
470 93 122 465
458 84 241 462
437 60 349 462
443 67 904 462
437 62 857 461
466 97 663 460
500 150 818 459
462 95 89 458
489 133 718 458
453 90 94 454
431 65 339 454
431 67 323 453
477 130 542 450
409 51 443 449
437 81 426 448
483 147 506 446
491 163 807 444
430 81 31 442
454 112 820 441
397 52 837 440
477 149 972 439
446 107 419 438
470 141 783 438
433 92 861 437
440 101 905 437
399 58 931 437
476 153 195 436
443 107 978 436
453 121 290 435
483 169 942 435
494 192 881 434
475 161 605 432
454 129 68 431
468 152 71 430
377 50 25 428
433 106 97 428
461 148 386 426
490 205 297 425
451 135 598 425
385 62 193 424
382 59 630 424
419 103 98 420
492 221 910 420
471 177 989 420
388 75 390 417
419 108 393 416
426 117 514 416
446 146 354 415
498 495 359 413
356 52 705 413
486 238 377 409
484 232 840 409
434 141 927 408
482 233 51 407
453 171 337 407
390 91 607 407
475 217 163 406
439 152 406 406
411 115 825 406
400 104 149 405
485 245 463 405
489 259 505 405
430 144 55 403
444 167 152 402
466 208 464 402
497 453 619 402
474 225 784 402
399 107 899 402
470 219 16 401
418 131 736 401
487 491 797 401
500 413 523 400
385 97 317 399
398 111 411 399
498 429 575 399
458 201 407 398
496 432 750 398
496 424 81 397
481 260 132 397
477 249 648 397
493 441 54 396
448 188 298 395
486 285 524 395
457 208 454 394
445 184 734 394
488 300 834 394
436 169 917 394
495 387 155 393
473 248 312 393
483 475 470 393
325 55 613 393
380 100 847 393
484 467 17 392
459 215 982 392
490 425 291 391
479 481 528 391
493 387 586 391
483 462 284 390
492 385 855 390
384 109 975 390
445 194 660 389
490 374 153 388
474 489 283 388
400 130 361 388
326 61 431 388
431 172 970 388
477 283 124 387
488 348 262 387
481 301 374 387
389 119 614 387
486 331 731 387
488 401 891 387
418 156 78 386
468 500 170 386
408 145 305 385
432 180 417 385
447 207 504 385
435 185 823 385
481 443 936 385
400 136 223 384
410 149 231 384
480 443 372 384
317 60 893 384
370 106 159 382
317 63 46 381
439 200 350 381
472 467 800 381
481 412 949 381
342 83 299 380
408 153 540 380
482 366 595 380
334 78 285 379
412 160 626 379
481 396 944 379
314 65 364 378
474 447 693 378
419 173 821 378
381 125 43 377
466 476 441 377
475 425 787 376
459 261 817 376
431 198 450 375
474 412 96 374
350 98 388 374
398 150 539 374
459 271 304 373
425 191 385 373
367 116 429 373
449 240 690 373
470 318 762 373
462 279 890 373
345 98 95 371
422 190 460 371
471 413 958 371
362 115 529 370
320 79 627 370
352 105 676 370
399 158 791 370
288 62 280 367
469 389 674 367
457 473 856 367
358 117 655 366
320 84 681 366
396 161 311 365
466 405 346 365
424 207 622 365
381 144 117 364
456 454 10 362
462 414 205 362
370 136 332 361
323 93 863 361
407 186 370 360
306 81 960 360
373 143 537 359
456 325 166 358
274 65 53 357
410 198 469 357
454 320 553 357
458 385 20 356
450 453 308 356
342 115 401 356
442 272 751 356
301 83 950 356
454 425 211 355
452 320 643 355
448 457 816 355
457 381 947 355
424 232 321 354
243 53 435 354
272 67 508 354
337 113 538 354
456 373 624 354
311 94 76 353
453 414 827 353
274 70 889 353
442 471 44 352
305 91 700 352
451 335 720 352
310 95 295 351
413 215 371 351
453 385 527 351
421 231 572 351
351 130 687 351
280 75 799 351
414 219 187 350
259 65 448 350
452 393 473 350
228 51 547 350
292 85 658 349
449 353 105 348
436 280 526 348
263 71 902 347
432 485 939 347
251 66 142 346
320 109 292 346
437 463 588 346
443 430 830 345
426 494 120 344
277 82 194 344
431 478 234 344
220 56 118 343
335 126 156 343
338 129 849 343
424 263 119 342
379 178 157 342
283 88 213 342
395 202 353 342
357 150 550 342
410 230 752 342
208 54 416 341
422 495 662 341
432 291 964 341
439 334 59 340
442 387 243 340
425 485 714 340
362 160 611 339
338 135 777 339
388 198 257 338
293 100 26 337
425 286 212 336
424 282 649 336
372 178 686 336
256 79 754 336
401 226 360 335
437 365 684 335
314 119 983 335
432 326 125 334
311 117 702 334
293 105 128 333
429 441 344 333
368 177 585 333
412 500 758 333
211 63 953 333
430 432 207 332
427 312 809 332
336 142 835 332
429 434 836 332
421 291 56 331
359 169 179 331
157 52 227 331
186 58 327 331
58 50 592 331
431 343 635 331
384 206 72 330
431 349 515 330
431 351 604 330
250 83 610 330
421 292 882 330
332 143 245 329
431 368 536 329
262 90 640 329
417 466 33 327
429 362 576 327
418 292 707 327
337 151 832 327
227 77 180 326
136 54 557 326
399 246 375 325
330 147 378 325
285 109 689 325
215 73 776 325
315 134 325 324
61 57 701 324
425 394 154 323
425 371 804 323
396 246 225 322
148 59 399 322
421 425 559 322
422 350 242 321
423 365 249 321
362 190 439 321
304 128 845 321
421 405 82 320
376 212 147 320
421 375 478 319
391 243 545 319
421 368 728 319
394 250 841 319
387 234 943 319
413 306 963 319
190 71 992 319
63 62 7 318
217 81 77 318
344 172 146 318
241 92 246 318
365 200 453 318
418 400 23 317
397 261 703 317
180 71 786 317
116 62 898 316
325 154 906 316
343 175 102 315
406 459 115 315
151 67 222 315
296 130 756 315
392 256 907 315
88 64 40 314
190 77 296 314
378 228 599 314
155 68 967 314
173 73 287 313
104 65 650 313
415 363 667 313
399 476 929 313
415 378 991 313
414 375 418 312
243 100 544 312
232 94 775 312
414 368 839 312
144 69 998 312
284 126 134 311
398 284 201 311
354 196 768 311
248 103 995 311
346 187 814 310
72 69 913 310
394 481 920 310
356 202 239 309
245 104 256 309
127 70 519 309
388 262 596 309
386 259 13 308
407 333 316 308
172 78 743 308
259 114 343 307
379 247 319 306
282 131 338 306
402 317 594 306
328 172 656 306
256 113 858 306
86 72 990 306
401 318 66 305
226 99 220 305
185 85 356 305
175 82 387 305
406 356 838 305
388 481 389 304
199 90 552 304
335 183 749 304
402 425 766 304
325 171 952 304
391 288 475 303
111 75 955 303
347 201 69 302
191 89 272 302
400 337 402 301
389 470 824 301
402 378 324 300
196 93 472 300
329 182 699 300
380 488 138 299
385 283 761 299
353 215 915 299
344 203 957 299
380 487 971 299
398 345 112 298
390 449 121 297
248 119 790 297
242 116 980 297
205 101 80 296
111 82 113 296
256 125 137 296
187 96 442 295
278 143 131 294
395 401 151 294
91 84 482 294
293 154 549 294
63 87 661 294
389 315 911 294
394 352 571 293
286 150 763 293
110 85 968 293
377 279 192 292
108 86 415 292
337 205 530 292
178 98 279 290
64 91 333 290
89 88 669 290
356 241 143 289
385 435 369 289
388 419 436 289
184 102 597 288
390 377 986 288
107 92 103 286
363 496 106 286
292 164 313 286
388 365 414 286
388 385 697 286
63 96 688 285
310 183 900 285
381 429 221 284
367 275 271 284
365 271 394 284
78 95 445 284
363 269 150 283
379 438 250 283
378 442 265 283
255 140 580 283
373 300 215 282
358 260 303 282
177 106 328 282
355 254 425 282
367 282 591 282
356 256 636 282
144 99 921 282
316 194 956 282
226 126 6 281
326 210 99 280
317 198 161 280
352 253 737 280
377 432 778 280
82 99 885 280
365 474 887 280
364 475 458 279
257 147 261 278
355 262 721 278
158 106 916 278
261 151 616 277
371 311 826 277
192 117 209 276
222 130 365 276
151 106 451 276
173 111 781 276
370 315 144 275
370 440 235 275
204 123 716 275
184 117 673 274
367 445 183 273
347 258 229 273
358 472 248 273
95 105 487 273
149 109 782 273
296 187 1 272
361 461 474 272
54 110 801 272
368 327 181 271
220 134 218 271
341 250 901 271
252 153 108 270
307 202 412 270
347 265 747 270
370 404 282 269
340 253 551 269
314 212 867 269
110 109 994 269
300 198 88 268
369 395 306 268
126 111 977 268
366 336 3 267
270 171 251 267
153 117 719 266
135 114 966 266
293 195 500 265
339 260 632 265
77 114 651 265
340 492 961 264
255 164 320 263
340 490 780 263
365 382 865 263
227 148 244 262
63 119 491 262
255 165 609 262
334 258 29 261
333 499 34 261
327 248 860 260
358 417 45 259
340 480 191 259
341 277 993 259
322 243 289 258
259 175 204 257
353 322 672 257
267 181 909 257
358 399 940 257
352 318 945 257
280 194 111 256
336 483 941 256
303 221 84 255
247 168 397 255
202 143 711 255
351 431 819 255
183 136 925 255
209 149 173 253
355 382 625 253
329 267 795 253
111 127 189 251
347 322 895 251
349 418 420 250
98 129 438 249
349 344 729 249
144 133 987 249
293 220 19 248
330 280 444 248
319 499 871 248
328 481 903 248
137 133 883 247
346 345 185 246
185 146 307 246
323 487 646 246
52 137 822 246
181 145 984 246
105 132 1000 246
344 341 347 245
224 166 615 245
345 362 172 244
255 188 644 244
129 135 802 244
177 147 148 243
344 355 267 243
338 321 874 243
337 322 61 242
342 346 696 242
200 157 727 242
340 421 810 242
330 453 581 240
264 202 395 239
341 365 612 239
313 265 695 239
302 247 973 239
156 146 199 238
196 159 879 238
137 143 914 238
182 155 238 237
320 286 497 237
335 342 30 236
337 403 331 236
334 346 63 234
299 251 165 234
329 323 730 234
330 337 14 232
328 429 107 232
194 165 186 232
333 394 326 232
322 453 579 232
329 425 988 232
329 422 355 231
326 433 465 231
333 386 666 231
76 148 831 231
196 169 127 229
325 332 562 228
218 183 647 227
300 490 789 227
321 432 446 226
316 309 116 225
326 356 341 225
162 161 584 225
97 153 680 225
94 154 178 224
299 272 302 224
313 304 503 224
291 499 803 224
304 281 928 224
231 196 382 223
279 243 574 223
213 186 41 222
224 192 852 222
167 167 32 221
203 181 979 221
318 420 335 220
316 431 428 220
161 166 501 220
257 222 623 220
275 242 637 220
169 168 706 220
158 165 753 220
319 350 37 219
90 159 440 219
107 159 449 219
317 338 709 219
310 308 828 219
159 167 922 219
289 491 114 218
300 469 566 218
283 256 606 218
290 269 400 217
304 298 486 217
313 330 452 216
311 434 567 216
50 168 618 216
286 489 47 215
213 194 91 215
60 167 133 215
194 184 424 215
122 164 892 215
239 214 366 214
264 238 601 214
187 183 8 213
206 192 139 213
295 289 224 213
296 290 286 213
292 283 197 212
163 175 348 212
302 449 569 212
236 214 739 212
279 261 850 212
308 334 985 211
312 373 5 210
132 170 563 210
109 170 11 208
291 292 158 208
299 314 28 207
308 402 49 207
95 171 713 207
306 341 888 207
182 189 206 205
255 242 232 205
220 210 866 205
283 473 886 204
122 177 210 202
304 389 722 202
209 208 484 201
135 180 543 201
123 178 608 201
299 417 692 201
271 269 732 201
291 442 468 200
270 486 935 200
255 250 92 199
223 220 126 199
74 181 600 199
84 181 447 198
241 237 996 198
162 190 629 197
160 191 926 196
282 454 851 195
277 293 946 195
121 185 217 194
198 210 214 193
286 321 483 193
194 209 654 192
211 221 726 191
244 252 22 190
290 350 495 190
239 246 767 190
252 263 130 189
205 220 620 189
97 189 675 189
270 291 934 189
284 424 135 188
133 193 208 188
241 252 247 188
258 273 492 188
290 377 570 188
258 483 932 188
288 398 266 187
67 194 522 187
289 382 864 187
137 195 177 186
52 199 309 186
278 322 233 185
267 295 433 185
263 289 253 184
158 203 872 184
282 418 959 184
280 420 258 183
257 280 745 183
219 238 58 182
284 372 64 182
176 212 109 182
255 474 516 181
203 228 628 181
275 430 740 181
123 198 876 181
254 474 12 180
101 198 101 180
269 310 577 180
208 232 811 180
94 199 403 179
219 242 556 179
281 371 748 179
276 419 908 179
233 257 373 178
255 292 603 176
230 499 878 176
277 388 145 175
111 203 396 175
75 205 633 175
88 204 671 175
236 487 123 173
263 316 498 173
274 366 432 172
271 411 792 172
272 399 2 171
262 437 733 171
271 396 456 170
97 208 659 170
270 359 4 169
241 282 200 169
248 292 668 169
244 468 334 168
260 321 974 168
260 432 83 167
259 435 288 167
194 239 759 167
246 462 772 167
230 484 518 166
129 215 430 165
180 233 520 165
121 215 912 164
126 217 392 163
237 469 462 163
162 227 42 162
262 395 381 161
256 335 513 160
226 477 74 159
241 456 582 159
250 436 796 159
98 220 617 158
183 242 794 158
219 274 434 157
241 304 437 157
255 411 507 157
203 258 710 157
243 443 67 155
239 450 85 155
133 226 712 155
143 229 744 155
139 228 168 154
242 316 182 153
212 481 15 151
216 279 27 151
199 494 65 151
237 311 110 151
61 233 685 151
246 422 844 151
224 465 717 150
227 296 160 149
125 232 638 148
114 231 273 147
94 232 52 146
107 232 276 146
119 233 511 146
203 483 531 146
233 313 652 146
248 377 773 146
107 233 36 145
233 441 725 145
247 379 815 145
245 352 923 145
155 244 79 144
169 251 410 144
242 409 268 143
179 498 546 143
53 245 275 142
215 464 293 142
93 236 471 142
146 243 704 142
215 292 746 142
69 242 260 140
176 259 933 140
221 450 683 139
163 253 735 139
241 375 853 139
190 486 877 139
235 413 18 138
198 477 363 138
215 301 9 137
214 299 541 137
237 392 757 136
231 334 897 136
183 487 999 136
217 448 315 135
213 301 641 135
236 396 997 135
225 324 560 134
177 488 670 133
75 249 196 132
74 249 352 132
144 253 534 132
60 253 808 132
102 247 100 131
63 255 202 129
183 479 237 129
171 487 476 129
60 499 665 128
170 485 277 127
223 415 457 127
164 489 769 127
156 493 870 127
224 408 561 126
120 253 573 126
66 498 48 125
64 260 764 124
144 495 779 124
125 257 90 123
79 499 489 123
135 496 645 123
214 425 358 121
222 391 517 121
180 286 708 121
195 300 723 121
74 496 918 121
188 462 843 120
208 432 93 119
141 490 342 119
217 405 169 118
207 432 228 118
135 265 770 118
153 483 379 117
162 478 694 117
214 349 677 116
61 485 255 115
149 483 329 115
211 343 404 114
211 350 35 113
136 270 219 113
187 305 330 112
173 293 535 111
212 377 405 110
103 488 631 110
175 296 962 110
211 385 869 109
177 454 351 107
90 484 568 107
102 485 682 107
209 374 742 107
136 278 254 106
205 353 848 106
183 445 188 105
203 407 765 105
114 481 73 104
196 334 362 104
168 458 657 104
165 297 422 103
95 481 477 103
197 337 715 103
120 279 198 101
68 283 252 101
136 283 466 101
200 397 409 100
134 473 480 100
117 280 281 99
186 326 499 99
200 382 724 98
181 436 813 98
181 322 136 97
192 413 496 97
190 418 639 97
60 291 976 97
151 296 310 96
58 462 104 95
183 329 533 95
192 348 653 95
120 470 70 94
178 433 75 94
184 424 427 94
159 453 509 94
185 343 954 90
75 293 488 89
189 362 62 88
71 460 368 88
176 330 398 88
181 339 833 88
51 449 548 87
175 425 829 87
179 416 175 86
150 307 259 86
89 463 336 86
182 409 564 86
142 302 679 86
55 449 164 85
78 296 300 85
151 308 380 85
65 302 510 85
160 316 884 85
104 462 969 84
169 427 38 83
65 452 236 83
167 429 357 83
97 295 384 83
171 333 587 82
122 457 171 81
158 320 602 81
156 437 691 80
52 439 875 79
170 416 413 78
178 387 184 77
59 442 294 77
54 438 678 77
139 444 190 76
60 316 391 75
165 414 485 73
166 414 760 73
173 397 788 73
77 445 421 72
171 397 423 72
161 417 873 71
167 403 203 70
114 447 554 70
165 351 129 69
169 393 479 69
157 337 578 69
67 437 812 69
123 314 340 67
106 312 167 66
140 324 565 66
90 314 60 65
78 318 383 65
71 322 467 64
140 429 593 64
161 352 924 64
131 322 87 63
97 441 278 63
163 378 301 61
154 348 490 60
54 343 930 59
106 319 981 59
159 368 39 58
142 338 919 57
131 426 314 56
115 431 50 55
69 422 240 55
89 325 269 55
154 393 455 54
112 431 774 54
154 389 461 53
69 418 216 52
151 362 859 52
127 423 493 51
52 367 621 51
86 331 21 50
52 378 555 50
101 427 141 49
145 401 880 49
149 385 806 48
82 421 937 47
100 424 318 46
66 406 512 46
98 333 140 45
107 421 459 43
85 416 270 42
80 414 494 42
93 340 642 39
73 354 805 38
105 341 842 37
129 402 698 36
68 390 951 36
76 402 521 35
136 372 634 35
67 376 798 35
69 389 965 35
92 346 590 34
99 346 226 32
116 349 322 32
72 366 558 32
109 408 408 31
116 350 741 31
93 349 755 30
130 379 896 28
79 366 738 26
113 355 162 25
87 359 793 24
124 383 57 23
107 358 862 21
100 398 376 20
121 371 532 20
87 390 86 19
109 394 345 17
111 364 664 17
110 363 938 17
118 375 274 16
110 392 367 16
118 375 502 16
116 382 868 15
101 392 24 14
88 380 525 14
102 378 894 0
