1000 50 27673
58 51 147 607
56 73 136 593
62 67 481 593
86 50 194 588
70 66 553 588
61 84 37 581
60 87 200 580
79 70 623 578
75 76 750 577
100 54 94 576
53 107 479 572
69 89 582 572
110 52 491 571
77 83 845 571
68 97 267 567
90 78 514 565
80 91 141 563
113 59 634 563
120 56 73 561
106 71 483 559
115 69 658 555
89 95 407 554
65 120 659 554
132 57 434 553
52 137 891 553
102 86 737 551
96 96 563 548
70 129 661 545
55 150 932 543
69 134 98 542
121 80 252 542
59 148 805 541
117 87 649 540
53 160 808 539
163 51 419 538
101 109 218 535
99 113 451 534
69 147 500 534
81 135 385 532
122 93 744 532
83 133 833 532
125 92 289 531
120 96 591 531
81 139 264 530
106 112 301 530
119 102 986 528
68 160 236 527
163 66 470 526
172 61 898 525
165 69 48 523
87 143 528 523
112 116 790 523
84 146 995 523
110 121 440 520
170 69 517 520
146 89 16 519
182 61 389 519
122 113 989 518
88 152 733 516
173 73 157 515
133 107 795 514
208 51 573 513
80 168 127 512
164 84 60 511
181 71 249 511
55 208 686 510
155 95 866 509
205 59 681 508
91 163 904 507
63 205 210 505
122 133 259 504
79 183 874 504
137 118 964 504
147 110 337 503
145 113 741 502
101 160 82 501
202 69 131 501
211 63 413 501
123 136 436 501
155 105 888 501
190 77 938 501
210 65 97 500
115 146 122 500
66 210 128 499
60 220 359 499
157 107 884 498
223 60 347 497
171 98 639 496
104 166 738 495
62 227 753 494
106 166 25 493
64 225 732 493
201 82 736 491
210 75 775 491
71 220 6 490
143 131 942 490
236 62 71 489
225 68 608 489
223 70 767 489
153 125 292 488
142 135 498 488
187 97 998 487
165 117 478 486
229 71 113 485
146 135 894 485
125 158 39 484
207 88 511 482
135 150 734 482
151 136 788 481
239 70 445 480
54 270 625 480
140 150 53 479
167 124 974 479
81 226 851 478
144 147 937 478
181 115 205 477
70 247 911 477
284 53 24 474
178 121 325 474
193 109 580 474
102 203 668 474
179 122 857 473
145 154 79 472
137 163 401 472
278 58 467 472
282 57 896 471
173 130 295 470
180 125 876 470
241 83 268 468
241 83 769 468
96 227 26 465
230 94 486 465
118 196 503 465
154 155 638 465
140 172 461 464
304 55 610 464
111 208 854 463
93 237 151 462
186 130 685 462
99 227 844 462
174 142 32 461
223 103 343 461
153 162 519 461
70 281 698 461
324 52 622 460
56 320 773 458
181 139 803 458
137 187 556 456
249 94 465 454
266 85 499 454
180 146 616 454
133 195 650 454
61 320 693 453
326 61 320 451
245 100 393 451
59 335 172 450
265 90 197 450
325 62 309 450
65 318 918 450
289 79 156 449
241 107 163 448
281 85 239 447
81 290 982 447
53 368 457 446
81 293 687 446
81 295 145 445
142 199 757 445
171 168 105 444
53 375 182 444
214 131 288 444
388 50 331 444
157 183 484 444
158 183 727 443
390 51 196 442
247 111 673 441
89 288 678 441
283 91 703 441
373 57 144 440
378 56 383 440
64 359 700 438
93 288 671 437
66 355 680 437
92 289 933 437
87 303 76 436
52 423 183 436
350 68 690 436
134 223 839 436
235 125 973 436
315 82 111 435
370 63 165 435
288 95 783 435
50 495 33 434
76 336 466 434
414 55 755 434
260 111 864 434
179 174 892 434
51 448 908 434
165 190 225 433
246 121 286 433
285 98 291 433
71 353 615 433
113 262 216 432
52 490 228 432
189 168 233 432
280 102 430 432
53 451 637 432
109 270 192 431
162 197 282 431
343 77 400 430
81 334 988 430
162 200 564 429
66 387 568 429
59 423 771 429
56 464 84 428
414 61 167 428
136 234 223 428
134 237 539 428
325 86 931 428
102 293 220 427
482 56 227 427
444 58 350 427
237 136 429 426
60 442 831 426
342 82 45 425
319 91 74 425
114 273 326 425
314 94 345 425
94 313 376 425
209 159 392 425
91 322 980 425
108 286 305 424
80 355 524 424
443 61 842 424
191 178 35 423
164 207 604 423
153 219 710 423
232 145 78 422
68 411 198 422
87 340 751 422
291 108 863 422
62 472 869 422
226 150 621 421
471 62 740 421
164 209 791 421
98 316 959 421
64 472 816 420
185 189 298 419
410 71 380 419
300 107 882 419
80 374 15 418
72 410 426 418
371 81 706 418
206 172 562 417
71 446 375 415
69 470 487 415
354 89 505 415
448 70 810 415
306 108 939 415
407 76 302 414
291 117 529 414
70 485 566 414
201 182 254 413
71 463 258 413
491 70 318 413
187 196 441 413
336 97 772 413
252 142 243 412
129 273 629 412
213 173 797 412
381 85 31 411
435 75 550 411
120 292 763 411
140 259 984 411
83 398 666 410
75 486 224 409
76 461 778 409
411 81 784 409
378 89 348 408
291 124 455 408
229 169 299 405
244 157 398 405
302 121 492 405
396 88 714 405
79 490 934 405
173 225 116 404
170 230 7 403
123 304 68 403
413 86 646 403
145 267 135 402
117 318 442 402
82 475 469 402
136 281 624 402
434 84 815 402
336 110 29 401
242 163 90 401
83 475 340 401
212 188 531 401
479 82 558 401
298 128 893 401
379 97 242 400
457 85 160 399
88 435 327 399
116 331 59 398
276 144 104 398
227 179 175 398
483 85 357 398
394 95 702 398
318 122 4 397
91 425 140 397
96 400 217 397
138 289 234 397
146 274 425 397
110 351 701 397
450 87 715 397
154 264 459 396
89 453 576 396
231 178 868 396
120 330 66 395
427 92 454 395
129 310 482 395
124 321 577 395
217 193 241 394
137 297 322 394
283 144 561 394
93 445 143 393
154 269 238 393
448 92 246 393
322 125 391 393
339 118 709 393
359 110 764 393
304 134 905 393
332 121 917 393
92 467 924 392
300 138 124 391
110 370 523 391
147 286 134 390
232 186 173 390
324 127 356 390
132 314 497 390
98 430 507 390
303 137 631 390
186 231 961 390
165 260 360 389
96 457 883 389
121 347 768 388
281 152 929 388
180 242 957 388
211 208 586 387
195 226 895 387
382 111 114 386
455 98 509 386
403 108 765 384
357 122 266 383
278 160 581 383
152 295 55 382
112 395 493 382
494 101 841 382
334 132 946 382
289 156 880 381
170 269 100 380
203 228 330 379
345 130 424 379
141 322 599 379
222 209 692 379
347 130 847 379
106 482 176 378
477 105 214 378
374 121 590 378
329 138 760 378
124 370 199 377
468 106 446 377
235 200 636 377
368 124 963 377
429 111 527 376
371 125 409 375
270 175 464 375
344 135 954 375
111 460 332 374
397 119 341 374
150 314 374 374
264 180 609 374
406 118 206 373
363 130 256 373
479 111 169 372
344 138 476 372
397 121 535 372
144 334 181 371
115 445 269 371
165 293 518 371
363 132 571 371
382 127 308 370
179 273 363 370
412 120 588 370
149 326 674 370
116 446 801 370
170 287 913 370
129 378 994 370
170 289 119 369
346 141 546 369
316 154 900 369
138 359 237 368
175 284 472 368
389 129 428 367
167 298 626 367
406 124 691 367
200 250 818 367
216 233 920 367
163 306 956 367
454 117 993 367
140 359 516 366
286 175 533 366
230 220 551 366
352 143 354 365
261 194 379 365
433 122 640 365
119 499 657 365
161 315 46 364
406 127 184 364
150 338 513 364
325 156 971 364
372 138 708 363
336 152 792 363
396 132 271 362
183 281 654 362
133 394 800 362
178 294 170 360
124 487 171 360
147 355 240 360
217 242 611 360
358 147 187 359
144 369 384 359
332 158 585 359
166 317 822 359
239 222 338 358
375 142 456 358
172 307 828 358
239 223 178 357
129 441 823 357
140 390 22 356
232 231 382 356
206 261 447 356
234 229 735 356
150 362 138 355
129 489 161 355
332 162 262 355
297 181 679 355
265 203 915 355
205 264 916 355
150 365 371 354
136 420 411 354
356 153 444 354
370 148 860 354
285 192 589 353
281 194 739 353
444 133 159 352
134 448 983 352
133 475 142 351
482 132 201 351
175 316 287 351
136 438 432 351
232 238 948 351
135 462 651 350
140 424 960 349
140 431 902 348
274 205 940 348
342 166 61 347
267 212 63 347
189 300 475 347
139 443 729 347
297 191 796 347
399 147 910 347
322 176 978 347
160 363 20 346
198 289 50 346
368 157 70 346
202 283 96 346
312 183 722 346
223 257 10 345
260 221 203 345
157 373 495 345
188 306 748 345
176 329 272 344
435 144 149 343
208 280 453 343
142 455 555 343
444 142 922 343
222 261 941 343
463 142 364 342
285 205 849 342
308 191 110 341
333 178 730 340
260 227 777 340
145 488 293 339
348 173 655 339
235 253 676 339
496 145 334 338
456 146 607 338
390 158 725 338
154 410 742 338
297 201 970 338
200 302 336 337
176 346 766 337
364 168 935 337
190 321 329 336
328 185 793 336
277 220 115 335
267 228 794 335
151 443 906 335
296 206 987 335
302 204 155 333
153 451 477 333
401 160 641 333
151 474 745 333
398 162 463 332
152 495 578 332
183 345 41 331
168 384 174 331
155 451 418 331
389 167 707 330
450 155 817 330
305 207 449 329
162 417 901 329
158 445 344 328
209 304 386 328
348 185 627 328
180 359 696 328
157 466 694 327
386 171 944 327
175 376 965 327
332 195 859 326
184 357 416 325
316 205 512 325
258 251 943 324
284 229 108 323
361 184 390 323
288 226 665 323
316 208 54 322
301 218 395 322
189 356 81 321
228 289 572 321
206 325 263 320
480 163 471 320
475 163 834 320
173 412 421 319
175 402 682 319
420 170 966 319
178 395 77 318
390 179 799 318
467 165 829 318
302 222 972 318
395 179 3 317
437 170 123 317
174 417 179 317
167 482 189 317
173 425 132 316
439 170 280 316
170 453 689 315
490 169 319 314
436 174 99 313
177 420 112 313
333 209 190 313
178 416 396 313
198 355 474 313
438 173 488 313
280 246 489 313
346 202 787 313
343 204 878 313
174 451 5 312
370 193 537 312
251 276 633 312
181 412 450 311
465 173 473 311
489 172 754 311
393 187 612 310
343 207 718 310
237 296 968 310
180 423 1000 310
175 486 405 309
380 192 824 309
206 351 23 308
178 445 232 308
496 175 303 308
251 282 351 308
178 450 402 308
177 499 870 307
177 474 981 307
296 242 117 306
404 188 294 306
250 288 300 305
345 212 923 305
344 213 162 304
383 196 230 304
441 182 248 304
210 351 404 304
224 327 548 303
499 181 185 302
201 379 846 302
382 199 979 302
431 187 103 301
383 199 635 301
186 447 887 300
389 199 106 299
196 405 261 298
196 406 669 298
191 433 789 297
406 197 126 296
462 188 502 296
271 277 557 296
363 213 909 296
432 193 270 295
404 200 644 294
198 414 951 294
459 191 65 293
196 428 452 293
442 193 652 293
203 401 962 293
192 498 439 292
200 420 2 291
330 236 80 291
207 394 437 291
304 254 832 291
396 206 999 291
345 228 544 290
455 194 830 290
428 199 186 289
244 322 367 289
222 361 525 289
383 212 865 289
218 373 250 288
245 325 255 287
197 498 645 287
404 207 858 287
259 306 613 286
400 210 852 286
283 279 947 286
497 198 118 285
309 258 366 285
465 200 72 284
231 353 180 284
387 216 361 284
339 239 762 284
283 283 919 284
317 255 837 283
255 316 861 283
330 247 368 282
219 388 827 282
225 375 406 281
247 332 597 281
448 205 569 280
223 385 257 279
311 264 276 279
206 455 950 279
472 204 992 279
350 239 253 278
391 221 438 278
261 317 522 278
210 436 541 278
208 446 761 278
453 208 328 277
491 207 158 276
236 362 821 276
210 463 594 275
210 455 746 275
210 492 323 274
318 266 43 273
276 306 222 273
224 400 925 273
345 249 209 272
429 217 251 272
424 218 647 272
392 227 756 272
251 345 212 271
241 366 83 270
217 442 712 270
228 396 958 270
220 429 587 269
418 223 785 268
224 424 64 267
365 244 148 267
217 472 670 267
222 431 977 267
222 445 290 265
267 333 667 264
277 319 781 264
225 434 819 264
264 341 177 262
266 337 575 262
407 233 688 262
233 413 335 261
365 251 899 261
248 375 154 260
230 429 433 260
319 284 102 259
341 267 985 259
231 435 195 258
301 303 542 257
228 472 352 256
240 406 877 256
395 244 952 255
392 246 560 254
260 363 653 254
280 331 747 254
382 252 13 253
499 230 56 253
470 230 378 253
253 381 593 253
234 443 642 253
310 301 496 252
247 400 820 251
476 233 146 250
472 233 643 250
239 441 107 249
237 485 191 247
302 316 414 247
288 333 779 247
280 343 921 247
256 388 953 247
374 263 21 246
466 238 731 246
282 345 296 245
359 272 342 245
302 319 565 245
345 281 717 245
243 499 47 242
274 365 567 241
344 289 346 239
473 245 8 238
258 409 235 238
249 445 321 238
246 498 355 238
320 310 462 238
278 364 873 238
247 471 369 237
451 248 601 237
368 279 521 235
251 466 632 234
250 494 749 234
440 254 58 233
251 470 133 233
380 276 139 232
300 342 420 232
261 418 596 232
302 341 711 231
255 499 603 230
444 258 85 229
259 439 316 229
494 254 759 229
309 336 802 229
486 255 381 228
307 340 506 228
284 373 914 228
478 256 226 227
316 330 339 227
452 259 304 226
316 333 310 225
274 402 662 225
312 339 628 224
424 267 721 224
265 440 152 223
500 261 804 223
352 304 812 222
481 262 872 221
303 358 27 220
420 273 605 220
443 268 468 219
403 279 786 219
266 492 543 218
415 277 231 217
455 268 656 217
275 424 850 217
462 268 12 216
305 363 125 216
340 322 204 216
269 465 273 216
374 297 412 216
331 332 306 215
317 347 713 215
465 269 770 215
423 277 848 215
474 269 17 214
271 468 215 214
287 400 648 214
396 289 30 213
284 409 229 213
420 280 695 213
274 457 397 212
499 272 584 212
436 276 843 212
280 432 458 210
297 388 547 210
429 281 684 209
301 383 955 209
285 423 36 208
297 393 423 208
277 467 606 208
346 329 997 207
374 309 349 206
370 313 166 205
279 489 168 205
279 492 595 205
383 306 370 204
329 350 945 204
281 496 399 203
331 350 726 203
351 330 776 203
282 471 130 202
294 414 312 202
480 282 247 201
431 289 415 201
294 417 705 201
402 299 782 201
284 486 720 200
444 287 903 200
285 470 317 199
307 393 431 199
297 416 704 199
500 287 620 197
362 329 28 196
404 304 93 196
350 340 890 196
423 298 600 195
324 372 663 195
320 381 285 193
294 452 723 193
440 296 408 192
384 319 813 192
419 302 930 192
323 381 559 191
377 325 889 191
425 302 67 190
373 329 129 190
334 368 373 189
385 322 664 189
361 341 583 188
316 399 617 188
297 475 40 187
408 312 284 187
368 337 809 186
328 383 38 185
439 305 510 184
367 341 677 184
301 496 188 183
316 412 377 182
316 413 490 182
393 327 87 181
491 302 443 181
432 311 460 180
305 460 515 180
330 389 912 180
482 304 362 179
315 425 774 179
432 313 49 178
316 424 88 178
396 330 11 177
329 399 552 176
446 312 949 175
469 311 19 173
338 391 121 173
477 310 365 173
433 318 728 173
388 339 976 173
319 434 879 172
395 337 221 171
486 313 448 170
315 486 281 169
383 347 526 169
389 343 836 169
321 444 856 168
366 365 618 167
317 485 619 167
349 387 275 166
455 320 278 166
340 400 297 166
390 348 811 165
446 323 52 164
367 368 92 164
375 363 219 162
340 408 422 162
322 491 927 162
423 334 838 161
328 446 780 160
324 488 881 160
399 349 213 159
465 326 699 158
488 326 358 157
331 448 387 157
328 463 990 157
332 450 150 156
479 327 244 156
364 384 313 156
500 328 538 156
370 377 598 156
328 489 675 156
330 459 835 156
330 478 208 154
408 349 875 154
331 490 95 153
463 332 480 152
444 336 501 152
333 464 814 152
352 410 137 151
500 334 534 150
359 401 34 149
500 336 724 148
363 400 427 147
352 418 545 147
337 474 853 147
457 341 279 145
491 338 532 145
456 342 283 144
447 345 18 143
341 482 202 143
350 442 324 140
344 486 372 140
352 451 101 136
406 373 193 135
424 362 417 135
365 422 697 134
406 377 89 132
368 419 207 132
401 381 752 132
458 354 991 132
443 360 403 130
438 362 494 129
416 373 672 129
459 357 42 128
357 500 153 128
375 415 540 128
366 442 936 125
360 475 592 124
417 380 885 123
376 427 394 122
365 455 807 122
390 407 570 121
363 493 806 121
367 457 14 120
410 389 825 120
446 369 886 120
369 454 86 119
462 366 549 119
382 421 907 119
367 472 164 118
368 462 277 118
448 372 69 117
367 480 975 117
438 378 554 115
497 370 719 114
423 388 260 113
382 437 969 112
374 477 579 110
389 431 9 108
421 397 75 107
387 442 716 105
471 380 602 104
421 403 211 102
382 479 245 102
439 393 928 101
456 387 630 100
432 397 798 100
391 449 91 99
387 466 683 98
443 395 660 97
498 387 926 97
439 399 62 95
395 459 758 92
473 394 855 90
432 411 1 89
444 404 530 89
397 484 353 87
397 475 435 87
398 492 574 86
461 406 871 80
428 430 520 77
459 412 120 75
429 435 614 73
412 494 826 73
412 482 536 72
464 416 51 70
428 441 410 70
419 460 307 69
450 423 840 69
461 424 388 63
442 449 508 54
458 440 485 50
475 436 867 48
455 447 57 46
439 486 862 45
466 444 967 43
455 460 743 37
461 455 314 36
449 479 44 35
451 472 315 35
472 460 333 26
461 482 311 23
470 499 996 21
491 465 274 19
494 479 109 11
481 472 265 11
490 479 897 7
484 483 504 0
