1000 50
135 355
151 147
317 50
489 52
451 415
306 278
220 486
270 335
336 334
186 273
267 88
121 193
139 275
489 118
235 189
136 303
88 125
353 422
490 477
69 131
231 379
249 251
108 255
52 390
433 124
425 80
155 404
280 482
177 307
156 394
381 329
256 380
324 114
256 380
144 196
261 318
128 109
259 333
248 171
301 176
156 166
70 218
446 127
86 192
450 219
283 269
297 86
138 484
323 234
62 346
477 328
408 129
107 185
354 491
146 275
393 340
265 140
445 463
397 73
328 356
493 191
446 307
489 372
238 86
250 149
434 205
248 452
351 76
71 233
217 262
106 129
409 486
452 157
326 328
391 146
259 58
486 88
116 455
386 103
369 130
410 70
135 121
441 441
158 345
475 300
290 242
472 466
462 232
357 294
139 354
347 350
77 108
189 169
455 395
156 159
154 158
481 376
183 371
322 410
147 315
203 202
409 300
344 277
240 96
325 203
448 196
94 159
355 268
468 287
350 286
146 158
114 290
376 403
315 340
335 307
103 439
223 126
325 80
100 448
444 67
228 210
189 396
371 254
86 236
404 401
67 115
69 405
64 212
138 345
479 100
108 93
186 54
62 128
221 165
389 346
271 113
217 458
241 334
325 309
329 199
472 450
247 450
418 195
226 423
59 223
345 149
407 240
455 349
315 108
314 64
500 409
251 162
214 276
262 361
275 455
276 276
133 194
103 389
495 59
149 447
305 63
50 182
376 318
203 488
356 177
94 68
287 396
175 390
399 290
193 491
161 182
221 245
76 361
319 464
251 379
148 414
422 249
168 475
125 381
304 77
233 474
87 455
129 61
70 462
92 460
192 444
201 61
314 252
195 458
329 472
203 54
403 440
196 421
82 307
101 399
244 431
211 456
211 290
342 132
271 380
406 412
227 326
239 194
434 431
182 303
425 431
289 276
230 295
365 446
193 229
273 180
140 472
364 170
207 389
454 354
474 112
496 481
87 163
166 197
350 52
296 60
229 474
390 489
302 268
351 233
492 140
84 429
444 80
132 464
253 431
178 309
450 206
229 56
397 246
403 355
167 332
339 103
447 125
302 295
87 183
271 310
415 500
71 354
279 183
422 224
320 207
60 154
456 210
260 440
192 363
183 93
159 375
299 488
252 343
191 147
328 170
463 364
332 333
144 461
153 311
331 232
232 253
295 364
289 156
166 411
173 96
436 428
135 283
136 282
395 468
171 328
87 351
391 341
478 346
239 316
253 238
247 59
73 462
421 427
51 140
381 54
332 254
367 248
256 87
480 438
269 486
153 89
94 385
282 423
248 381
130 473
361 307
204 207
419 107
116 276
420 215
469 100
440 325
435 266
327 485
146 346
85 155
74 160
282 390
325 446
82 317
73 104
350 489
169 385
487 214
270 153
115 290
473 491
155 60
86 475
460 118
383 255
86 311
98 493
55 189
119 62
286 404
497 266
392 107
427 279
345 491
196 483
219 254
398 270
273 202
162 483
119 452
438 159
234 246
82 325
228 247
338 92
444 428
147 367
274 202
467 310
200 194
294 160
413 374
220 81
72 456
404 426
376 427
428 297
198 243
394 245
181 208
483 466
111 262
253 206
125 296
484 412
263 127
56 402
170 193
371 343
60 496
168 287
284 476
285 444
242 112
185 108
435 364
400 378
335 134
454 495
203 115
66 408
297 226
194 205
289 133
463 57
148 97
219 423
94 59
493 283
142 78
281 453
197 321
230 253
483 99
327 168
135 283
119 207
203 86
253 193
426 116
65 428
367 214
176 176
184 74
129 229
360 254
110 395
88 231
167 88
410 410
386 115
74 228
409 193
266 383
180 195
71 232
258 212
412 177
76 423
478 156
328 244
266 125
120 249
178 57
379 301
365 202
233 310
393 383
204 201
66 364
77 257
246 484
300 211
352 141
367 363
250 291
178 179
109 448
64 181
180 217
399 168
377 349
307 227
124 60
298 161
488 248
124 390
345 415
351 426
131 434
418 398
72 212
437 179
235 211
357 84
242 276
280 316
91 228
243 166
332 86
376 135
264 374
169 394
430 399
116 296
477 434
239 347
262 454
155 66
362 340
121 71
452 209
270 298
482 102
139 211
439 340
492 106
58 307
72 207
224 219
429 424
305 394
298 389
66 271
125 177
79 82
299 487
416 326
103 161
92 108
285 54
305 435
264 233
124 303
311 190
392 329
128 330
215 160
247 496
71 124
357 63
482 73
227 399
405 454
89 67
65 87
429 307
297 243
74 379
188 303
443 289
359 406
389 376
463 313
215 324
273 349
191 228
440 499
356 262
184 414
121 142
107 65
176 448
419 457
290 397
252 488
262 322
382 191
422 397
128 253
457 172
489 470
182 406
462 324
216 304
206 50
154 209
156 296
439 370
243 417
249 334
203 414
312 332
402 409
171 383
53 288
136 272
154 444
253 195
456 90
381 428
365 225
74 328
358 466
373 56
73 103
398 180
199 57
346 265
364 440
455 248
128 410
282 476
285 191
240 116
111 123
393 311
229 268
413 440
189 326
265 119
203 327
195 213
304 182
342 147
179 120
98 99
50 255
224 153
398 113
334 427
290 323
148 144
114 213
124 326
145 81
281 173
253 220
189 96
269 473
253 289
186 57
151 339
201 411
485 245
188 355
462 224
354 255
193 301
60 409
428 384
423 299
395 431
433 349
141 170
433 286
481 386
420 134
405 443
147 345
436 118
295 173
426 382
75 477
313 135
472 90
180 350
450 99
311 413
167 53
54 381
397 183
271 387
157 95
284 80
62 421
322 153
224 469
473 237
184 139
135 447
465 240
84 291
332 319
140 359
369 126
218 229
324 148
209 219
447 348
406 293
89 311
199 432
58 157
441 266
261 370
472 354
451 466
490 104
495 307
222 280
78 436
366 209
94 125
449 463
70 197
288 250
288 360
133 278
411 310
263 425
442 199
161 420
469 253
282 331
424 390
208 190
58 365
151 450
199 376
105 97
472 243
349 406
55 173
167 260
129 94
191 102
65 147
413 426
83 202
287 89
448 259
65 157
187 338
234 461
122 421
489 379
222 257
187 116
135 202
314 215
380 351
339 108
104 101
497 156
129 137
75 59
331 310
242 134
217 473
220 105
87 446
281 401
449 328
285 312
355 323
203 342
337 415
51 135
128 66
245 349
64 243
426 63
376 117
474 233
342 364
458 432
319 58
352 155
493 81
265 341
219 284
259 273
116 475
313 400
220 226
198 325
173 414
364 349
359 253
400 280
257 364
169 267
262 92
451 354
429 167
108 159
238 374
277 406
294 137
232 199
415 264
345 255
73 153
390 73
101 245
66 177
398 142
495 285
205 301
149 285
126 395
232 220
420 180
115 156
235 213
62 361
491 321
231 113
374 127
240 473
385 280
66 332
208 381
300 164
421 403
253 425
71 165
336 345
224 80
437 465
233 305
365 204
124 75
285 226
66 341
119 468
203 255
67 311
426 275
185 203
114 129
344 473
378 96
448 201
490 460
469 411
451 61
423 94
378 147
264 259
359 193
337 234
365 378
222 239
57 305
224 262
499 287
366 132
119 120
88 392
179 56
353 435
179 73
154 432
230 53
474 380
130 122
305 346
311 272
282 119
169 324
109 215
336 322
377 267
379 161
388 207
496 417
104 404
125 88
340 149
446 192
107 243
334 92
339 236
248 251
130 400
311 125
294 318
442 479
254 499
290 134
171 406
365 372
251 405
445 429
108 138
213 353
343 489
254 122
257 122
141 425
346 268
247 60
145 251
203 466
155 52
486 51
216 362
473 92
235 104
363 404
337 340
51 120
407 367
128 90
335 314
488 204
73 491
378 312
109 271
207 291
447 193
70 130
382 497
418 348
112 233
342 169
252 174
340 310
236 76
242 451
394 202
158 123
261 302
50 147
302 418
305 309
243 220
477 410
268 341
124 177
474 241
472 60
258 178
128 232
102 374
438 285
235 326
395 326
188 281
66 441
437 370
192 213
245 499
97 128
180 481
182 109
167 149
493 399
165 203
387 470
128 74
410 191
111 86
225 101
389 191
392 392
412 112
309 429
343 204
61 387
356 286
121 325
295 171
128 453
247 490
173 422
106 409
476 412
438 77
443 490
197 496
141 385
353 157
409 342
216 258
419 421
443 375
160 483
83 403
187 492
58 89
223 260
172 293
377 438
220 358
408 419
187 162
438 213
467 370
475 119
436 366
439 477
188 282
149 442
169 301
345 456
494 435
90 362
142 356
207 335
176 119
411 311
418 305
490 173
481 200
214 151
494 61
299 315
359 462
462 187
427 488
324 470
455 95
86 257
201 238
272 409
213 195
385 436
436 391
391 129
265 310
349 232
416 148
278 217
286 155
334 429
193 276
374 363
248 312
177 434
187 267
93 182
443 476
493 295
318 449
346 431
221 343
431 75
425 464
495 390
191 99
488 394
319 170
394 353
211 163
406 486
444 211
97 170
207 291
265 270
463 215
447 358
364 367
470 71
464 269
309 84
