1000 50
50 457
92 142
323 460
262 94
84 335
462 434
182 312
79 443
339 309
73 132
455 274
126 353
322 216
476 432
371 63
240 336
388 167
198 97
463 197
263 438
394 461
400 117
121 108
104 66
353 108
193 456
176 213
377 339
180 229
238 293
246 429
261 151
401 453
318 261
357 154
380 390
93 410
307 378
283 271
59 312
366 126
308 287
285 130
332 256
359 352
442 358
145 350
382 110
302 331
127 75
114 174
114 348
170 216
482 181
381 221
354 400
458 304
118 116
367 254
394 164
350 278
200 277
281 207
353 298
184 408
353 423
74 482
272 394
166 269
219 377
94 240
107 281
173 176
339 324
448 192
58 290
202 239
470 413
317 461
437 150
327 170
91 171
410 249
213 190
215 211
318 407
388 391
284 491
464 59
417 361
172 292
326 456
248 57
56 433
125 176
463 272
401 145
83 316
63 291
301 298
438 74
185 455
285 470
241 281
291 228
327 152
498 139
352 489
428 374
63 445
181 314
118 185
149 181
364 476
203 490
479 268
183 297
268 411
56 103
282 171
183 317
453 486
487 231
489 54
497 217
299 123
396 198
106 370
445 309
386 112
441 240
330 343
191 204
325 126
155 224
356 77
228 266
228 185
231 359
122 172
449 387
442 412
122 278
63 80
88 482
456 82
367 259
263 293
170 159
432 384
158 201
473 400
225 185
445 101
487 126
139 490
388 61
262 123
463 98
144 499
141 93
98 420
247 150
200 191
423 212
255 225
466 166
485 151
491 479
345 335
129 111
392 56
272 163
241 228
117 468
148 260
118 164
150 219
449 204
478 473
461 444
270 112
394 69
382 305
117 325
260 184
360 359
253 220
291 152
282 470
307 466
295 398
122 65
270 72
160 319
235 217
102 464
471 366
487 363
480 471
421 71
427 474
144 207
188 106
201 347
472 304
128 130
483 127
203 112
439 138
376 60
181 175
326 147
426 267
86 309
281 415
288 209
291 410
237 265
260 95
479 241
129 471
391 225
174 262
217 436
500 315
361 302
258 188
418 331
482 226
167 288
325 54
146 465
242 326
289 172
175 477
324 63
272 376
489 130
395 124
339 494
346 239
104 333
388 50
164 180
419 106
334 79
441 396
406 197
434 321
380 74
411 483
104 356
277 153
194 87
447 199
235 190
446 187
477 440
499 242
223 150
238 249
330 80
142 357
307 452
149 238
244 353
294 328
431 201
181 262
259 309
446 279
312 343
111 428
80 191
356 254
478 325
98 412
107 188
186 269
481 434
163 157
496 372
107 271
365 127
296 311
481 275
498 206
140 324
459 125
157 273
295 338
182 287
86 120
257 209
254 216
224 342
325 202
342 385
378 415
217 266
397 275
65 293
390 68
80 343
382 445
155 311
309 199
260 190
244 268
282 376
159 256
377 420
121 296
152 69
249 173
319 111
201 67
269 114
73 468
481 239
163 317
59 117
470 269
333 152
414 194
197 169
111 360
111 160
159 368
146 442
421 108
90 243
406 56
110 463
85 461
367 371
329 489
170 220
218 285
447 425
330 50
322 434
84 344
188 475
94 53
494 199
141 268
105 106
275 240
88 179
112 164
153 379
62 184
188 320
264 407
411 102
162 271
52 52
350 200
452 400
480 127
451 365
477 247
333 333
132 64
67 454
184 381
207 414
96 277
84 347
67 165
54 226
94 409
378 258
86 213
212 382
235 337
257 420
451 407
203 240
70 362
194 118
178 165
216 231
219 216
331 198
259 360
477 158
407 461
186 55
335 494
374 361
402 317
316 354
163 294
188 146
341 348
318 368
382 290
301 238
241 248
99 222
119 306
491 263
427 488
96 401
268 483
225 321
186 303
441 104
74 352
303 422
183 392
347 409
338 164
58 199
222 300
387 52
122 247
208 359
441 64
359 498
465 251
142 189
305 145
484 348
190 415
491 337
463 358
214 461
69 375
191 163
126 84
398 387
172 495
241 96
482 483
443 354
76 342
91 126
191 407
60 100
182 203
186 442
173 182
493 174
209 57
482 251
382 144
285 128
408 113
79 344
141 88
421 242
88 249
414 490
413 62
379 486
288 94
284 155
179 386
99 244
290 307
430 309
58 204
436 320
436 155
492 172
297 275
217 266
199 70
441 467
236 314
356 395
64 127
99 189
220 272
419 171
145 214
228 174
232 260
55 62
401 210
164 169
307 79
226 423
174 99
119 196
340 486
426 286
174 325
428 465
133 186
415 144
368 394
497 349
332 244
423 469
165 194
346 457
263 395
198 369
227 135
463 417
84 54
363 143
210 231
131 196
180 112
67 65
226 376
471 94
423 391
443 304
415 180
311 476
421 105
294 453
436 198
125 334
79 298
243 254
415 69
53 492
140 292
203 359
199 73
224 118
392 100
90 375
163 391
175 383
429 427
107 132
136 251
354 392
474 482
250 454
55 225
170 229
67 294
205 302
326 205
126 118
346 286
162 484
171 96
121 218
167 169
77 250
259 265
207 417
79 61
386 228
488 249
170 194
304 68
476 472
365 465
380 492
168 220
452 276
177 279
359 470
289 61
200 344
433 282
62 306
407 236
107 356
270 381
289 62
148 393
245 413
314 426
390 140
237 245
382 478
199 339
351 401
235 286
497 376
149 113
452 67
139 500
285 357
406 59
67 488
150 299
358 152
483 335
499 446
70 61
413 453
80 304
381 134
241 369
51 136
99 433
340 144
134 478
418 369
202 175
235 409
242 187
200 479
67 365
349 425
218 90
374 373
427 106
466 356
129 96
367 128
109 460
404 371
78 295
476 70
163 414
347 138
304 308
379 379
481 235
76 282
489 239
269 283
86 108
489 153
223 283
177 188
366 195
269 397
171 328
494 90
220 368
204 211
93 361
189 226
58 440
233 273
134 309
340 66
478 222
187 129
337 99
398 78
53 437
173 185
236 366
301 311
181 195
80 94
283 220
406 376
282 105
199 203
332 62
249 380
333 190
64 256
362 381
327 334
232 455
494 304
188 182
299 198
436 353
213 219
69 106
292 375
344 453
76 53
280 68
496 342
140 183
455 70
164 245
96 398
420 430
213 370
267 413
407 92
89 87
432 171
454 124
436 64
488 275
338 251
157 192
371 491
491 387
245 146
160 415
454 225
420 68
242 432
318 332
426 135
154 220
194 282
71 321
50 205
456 371
494 61
165 425
189 129
452 459
428 307
342 124
476 451
294 293
489 424
207 454
173 52
269 120
239 154
341 157
294 468
58 53
149 113
310 410
268 75
295 105
233 469
227 138
338 363
151 114
232 226
217 238
226 263
219 386
446 430
487 115
211 412
252 316
390 314
422 472
367 240
163 278
314 460
358 417
106 425
58 396
354 297
499 239
444 282
72 298
59 465
399 203
143 161
152 228
449 88
166 384
54 318
446 440
455 417
340 242
497 235
378 208
399 187
208 355
128 286
194 192
277 285
465 497
435 202
389 168
340 295
91 115
486 143
233 164
324 437
94 233
74 438
59 430
157 315
324 98
73 243
259 335
334 337
141 397
489 235
322 463
396 342
468 306
437 229
384 111
191 412
177 363
128 235
412 317
130 204
472 281
175 58
414 381
199 82
78 473
53 413
274 168
155 417
54 204
249 362
409 155
202 370
272 319
284 138
192 196
168 498
441 296
167 495
139 124
133 425
448 436
453 366
69 266
478 466
104 267
357 209
246 292
348 99
366 349
192 194
173 468
344 214
156 423
407 109
199 119
357 272
441 141
155 185
134 181
287 168
402 171
180 185
324 422
487 89
291 128
472 326
289 317
153 368
342 122
74 369
370 66
287 499
236 325
179 107
242 391
244 152
450 478
445 98
236 203
305 479
440 438
59 107
290 76
186 313
244 469
386 214
57 333
279 394
427 95
270 329
216 142
410 151
334 251
69 458
308 110
303 487
158 186
379 212
170 164
228 170
99 101
254 438
365 456
441 407
199 342
332 491
268 468
430 102
480 195
318 249
282 268
94 327
152 125
289 193
64 403
135 461
328 180
406 344
354 341
294 265
312 130
418 492
394 291
338 339
405 212
93 212
199 453
160 133
74 342
92 231
479 344
77 352
256 289
190 64
192 321
166 436
225 152
225 59
156 138
177 419
398 360
170 279
275 319
125 262
412 258
93 216
236 84
92 155
385 80
99 478
357 393
308 177
134 348
286 406
293 65
494 58
386 213
134 112
267 180
63 90
419 51
394 395
427 128
480 334
129 296
278 384
291 227
219 287
251 301
137 277
122 248
82 416
155 187
274 142
326 128
106 354
92 243
139 322
379 286
326 293
56 178
261 193
371 97
351 254
361 374
172 246
226 219
103 69
169 477
215 94
261 162
322 78
83 55
372 257
64 74
426 155
454 241
279 343
139 195
221 284
223 251
158 274
167 98
383 60
416 329
158 284
452 76
255 390
59 75
495 182
332 98
355 434
276 352
451 402
66 327
110 150
56 113
442 396
431 206
100 392
422 152
317 247
153 457
385 319
78 474
421 399
330 483
