1000 50
175 61
301 470
82 231
233 216
161 410
245 364
440 357
380 473
187 236
478 486
166 422
266 288
475 248
208 423
293 117
156 142
64 147
98 156
295 229
194 179
155 233
281 348
366 479
79 240
324 480
472 240
489 306
329 461
264 390
487 72
210 124
307 271
71 413
453 305
228 113
201 188
184 99
184 406
411 145
98 298
225 177
466 431
304 144
485 109
482 498
248 383
64 457
307 302
324 168
118 449
146 117
392 57
390 230
335 480
97 490
91 191
306 365
400 57
170 456
342 383
363 233
305 312
64 363
247 495
296 252
387 223
84 270
201 100
65 252
277 407
281 88
115 288
53 463
207 425
282 494
250 286
110 421
332 402
442 210
420 460
488 235
130 360
338 277
311 405
102 377
335 484
107 151
366 123
343 322
178 203
107 62
442 317
289 66
201 63
390 71
183 249
99 58
441 83
129 350
349 385
469 150
206 368
332 309
139 362
54 251
112 307
215 249
221 396
305 336
360 460
478 268
320 352
484 133
408 132
436 458
62 172
479 266
160 264
61 407
80 81
463 246
427 455
461 407
172 149
68 453
392 176
366 126
419 313
275 241
306 353
118 450
283 464
141 146
475 494
328 250
219 370
266 247
447 154
227 228
441 184
334 323
111 148
339 159
291 445
225 210
400 158
374 421
127 444
219 195
106 294
250 433
147 267
363 220
366 118
280 353
331 400
282 391
304 187
309 466
299 223
101 355
480 380
377 242
111 67
308 241
322 460
295 254
427 405
255 417
397 333
107 277
298 138
496 142
61 70
494 237
72 372
421 73
425 266
77 58
377 340
201 398
346 121
497 173
287 333
103 265
92 413
488 299
160 430
79 117
140 134
154 86
236 131
145 66
239 427
176 492
73 364
301 207
338 66
285 180
157 200
157 486
457 115
216 358
59 189
453 145
400 126
359 363
439 261
406 55
104 236
99 166
309 72
74 183
56 218
274 318
482 340
111 438
295 163
156 111
464 331
373 248
60 178
107 279
430 50
113 365
223 263
180 165
374 248
390 150
311 148
447 69
60 127
337 81
89 199
366 219
199 338
110 100
133 388
157 202
174 500
148 457
234 478
136 460
253 390
125 377
497 160
431 340
172 362
418 271
292 341
115 397
131 419
196 326
234 151
279 168
425 459
287 325
193 434
432 464
70 137
246 164
80 301
207 447
169 335
450 413
460 171
380 407
424 367
200 428
461 364
254 243
297 113
199 313
289 424
489 278
153 126
299 264
92 144
331 471
393 415
198 212
391 65
93 244
223 143
72 388
132 425
154 131
145 451
97 289
369 57
273 197
102 356
390 403
444 59
233 65
449 455
201 239
386 470
404 455
306 268
136 275
412 424
137 118
367 432
181 338
435 260
471 50
179 487
220 204
334 172
121 317
280 359
299 194
293 290
273 176
140 397
50 316
412 135
103 474
306 218
280 336
242 488
183 50
336 109
411 100
50 209
491 479
480 496
109 492
338 224
325 252
384 318
215 164
206 435
342 376
172 341
224 395
305 423
191 126
307 122
384 435
175 460
178 192
478 242
252 151
220 194
500 418
260 330
63 363
134 299
416 62
208 437
369 229
55 193
164 389
310 210
283 344
86 412
355 172
96 67
105 249
278 120
393 381
488 132
150 300
217 356
88 393
449 394
406 173
356 168
106 287
61 260
259 314
156 404
150 159
324 82
268 87
250 117
330 292
150 238
476 144
184 253
60 213
121 195
332 425
127 156
327 51
85 185
430 173
116 373
296 184
59 195
317 204
233 313
102 350
164 465
420 86
85 370
235 146
237 205
367 285
219 105
457 189
292 287
455 396
449 236
497 473
395 238
496 331
469 153
441 446
352 227
194 101
195 438
389 365
82 76
112 209
147 441
69 375
290 451
393 249
209 76
101 290
418 347
404 224
393 378
272 348
440 105
236 358
319 178
107 215
179 284
217 233
455 144
256 129
82 183
176 117
206 151
145 496
325 372
146 171
291 393
230 214
462 314
444 302
435 411
132 300
204 388
406 246
386 487
415 193
355 353
308 365
121 64
226 124
266 470
340 234
175 94
111 59
363 300
268 219
476 200
199 333
366 261
276 381
89 344
239 218
302 241
247 157
362 303
171 101
298 403
173 147
444 253
163 318
164 266
300 204
110 424
492 409
299 51
139 258
165 124
181 66
301 93
480 234
133 407
336 244
344 463
194 309
372 408
487 392
181 241
98 491
283 99
333 444
430 333
248 178
144 198
143 462
217 476
406 120
269 165
364 351
220 52
331 238
358 86
182 258
409 244
169 224
284 300
274 109
226 261
234 487
165 242
79 367
75 152
142 143
91 355
270 195
112 443
260 231
326 491
119 467
203 203
350 301
462 426
141 451
135 131
344 110
367 277
440 347
244 405
461 92
340 111
172 202
56 405
344 191
282 442
447 456
474 122
251 475
186 360
169 140
229 433
196 102
131 104
245 156
399 116
317 212
93 209
489 238
159 448
423 210
473 499
458 436
387 438
409 262
295 286
364 226
460 164
227 341
298 440
182 135
114 423
446 411
240 337
202 483
391 275
306 286
431 455
171 481
142 470
486 89
161 259
456 90
261 182
96 246
261 442
421 403
323 471
431 339
200 195
54 81
246 244
490 245
252 126
211 242
254 397
284 432
495 162
311 135
82 496
360 167
154 147
240 132
270 287
212 482
221 372
224 444
176 113
327 462
472 256
264 129
491 247
318 242
228 370
159 387
136 164
175 259
411 291
172 154
339 499
137 241
110 132
420 435
194 140
473 185
194 208
312 122
178 435
218 309
245 266
79 142
388 489
205 470
231 210
426 258
461 355
422 490
430 441
243 176
143 183
475 367
89 394
186 247
409 266
348 391
295 126
346 128
275 367
347 52
167 265
355 405
435 193
206 161
261 362
78 182
235 212
106 370
150 455
237 435
127 408
400 463
481 276
199 424
408 396
250 454
291 141
409 244
246 348
498 231
245 277
81 198
107 231
214 409
249 369
96 50
468 321
360 143
252 400
55 169
80 177
89 242
355 109
272 85
352 248
132 366
83 355
296 117
110 398
375 264
337 267
438 300
491 197
266 215
186 115
427 317
179 206
157 242
449 181
239 77
127 394
181 304
256 234
293 490
407 83
145 431
335 79
348 421
419 114
211 80
149 208
120 51
345 245
338 315
426 97
132 275
190 97
269 246
433 385
91 292
313 393
270 169
85 259
479 486
355 201
183 301
258 437
196 83
480 124
282 235
341 453
482 333
302 93
355 140
286 231
496 182
227 273
86 246
68 98
84 418
344 118
283 495
198 196
279 434
236 391
463 173
225 220
211 189
154 422
457 322
195 304
442 264
153 174
73 413
77 258
318 304
255 345
204 279
202 167
413 64
404 375
224 414
450 231
232 372
338 155
469 417
331 110
415 103
95 277
171 285
332 498
294 339
403 338
80 456
286 265
358 82
398 207
123 443
295 360
213 288
298 379
263 123
233 295
413 75
400 392
268 234
241 429
499 424
317 430
175 81
486 135
137 308
158 314
489 458
442 107
99 188
326 52
323 125
209 428
160 350
457 460
166 276
494 226
436 405
381 83
266 212
415 260
96 366
131 52
165 61
260 483
327 379
299 388
163 128
380 329
85 130
199 465
249 388
357 216
259 459
196 209
397 299
329 329
274 268
344 69
142 411
220 338
148 69
177 177
89 388
109 69
208 269
353 471
436 108
410 451
180 405
98 61
388 437
137 61
189 418
110 345
131 107
56 157
469 470
371 207
318 383
253 414
469 482
54 200
285 60
279 384
240 168
456 269
184 203
109 104
361 461
296 143
327 383
463 120
125 310
225 458
217 352
427 415
203 478
419 107
347 332
120 197
118 448
412 73
453 444
96 251
383 57
439 350
477 136
71 495
380 363
354 445
375 194
145 278
406 327
99 217
341 132
101 400
432 362
274 60
219 259
488 210
227 99
262 305
149 460
444 407
446 294
232 240
428 257
271 333
457 317
392 309
387 294
369 67
123 244
475 340
328 371
421 308
492 466
128 250
257 134
100 248
146 207
273 167
104 144
214 492
151 379
403 122
373 335
345 133
461 322
154 100
469 125
246 65
101 247
377 65
176 101
261 222
462 65
252 194
449 413
183 191
273 103
56 289
172 138
122 272
467 82
68 413
285 148
140 495
53 180
116 475
281 305
120 461
176 84
379 350
333 359
323 337
447 451
182 191
411 342
343 193
346 70
117 120
245 399
62 70
349 436
455 470
374 143
226 99
257 343
65 374
323 339
201 357
149 491
256 439
240 107
334 90
192 457
436 497
149 379
475 319
314 384
332 271
458 66
148 108
436 268
231 111
313 195
100 278
224 409
439 152
493 95
128 347
84 113
325 183
191 466
332 167
250 234
401 366
385 260
482 204
491 418
272 151
468 490
457 252
109 299
117 264
303 157
259 166
173 125
125 306
430 289
322 458
75 336
401 365
481 151
210 356
191 383
268 444
476 286
161 129
425 147
433 477
