1000 50
464 198
391 441
71 373
191 238
318 215
445 259
150 246
350 373
300 316
76 113
363 371
479 135
261 338
298 412
163 384
391 498
449 305
210 451
190 166
346 178
252 93
498 402
367 186
328 206
229 402
60 59
440 480
197 229
252 55
486 186
209 172
419 285
114 255
226 61
256 222
357 274
299 219
415 99
126 238
483 438
460 490
109 387
175 230
355 311
138 493
377 482
269 407
475 341
72 419
351 193
347 347
350 484
234 338
467 324
113 425
88 322
260 193
290 388
77 89
325 142
387 454
217 298
472 67
275 188
154 494
116 221
335 496
132 172
377 367
349 265
131 172
320 201
211 498
400 244
392 328
353 268
228 356
465 208
351 78
403 171
161 376
64 362
74 53
133 318
422 429
494 411
147 91
211 151
325 472
374 262
204 315
369 495
346 270
446 284
283 371
250 479
260 91
202 451
78 376
229 309
126 146
69 57
281 432
196 140
320 195
352 453
271 362
126 190
408 404
296 360
328 107
260 110
268 116
400 160
355 180
219 452
153 232
412 345
373 419
408 468
215 376
171 162
178 247
311 87
490 108
338 403
65 291
265 346
300 225
433 125
248 183
162 399
482 416
468 104
210 340
384 223
209 475
449 214
117 291
433 500
178 360
150 142
366 81
405 102
299 307
214 366
182 212
393 343
296 485
274 65
243 230
443 250
494 250
108 83
437 480
112 87
497 230
379 205
380 74
403 171
320 168
446 391
71 172
366 449
325 82
166 199
94 80
380 475
116 435
282 308
132 427
310 337
256 237
372 173
405 282
211 192
288 164
338 471
397 132
325 402
230 338
223 116
253 77
356 181
190 500
78 52
234 62
166 459
306 291
471 191
76 297
447 209
483 190
58 139
256 252
430 87
120 489
302 445
366 429
402 346
320 200
383 439
396 196
216 408
147 382
204 182
459 113
411 257
121 467
435 201
244 477
287 238
379 395
180 296
114 188
336 216
380 220
468 114
199 52
293 450
80 58
99 459
258 398
499 478
482 75
300 194
494 468
144 348
164 435
380 128
319 337
207 221
454 57
188 250
141 150
277 220
490 67
131 119
339 309
326 353
247 368
271 185
86 380
339 346
406 454
149 457
287 261
356 127
162 286
186 450
117 164
279 373
240 426
393 421
69 178
194 408
405 291
188 469
450 386
404 268
403 115
140 101
169 243
77 399
219 205
293 460
451 298
461 283
244 305
298 66
461 148
415 464
310 135
254 327
199 264
321 452
288 461
387 410
460 475
402 493
333 385
104 93
409 226
267 258
472 438
500 429
486 413
269 429
190 224
287 286
389 250
250 87
439 489
317 424
428 460
292 345
329 339
151 418
284 351
65 437
175 435
158 69
249 191
424 232
490 243
157 340
215 357
177 256
336 184
302 365
331 414
252 280
483 117
345 308
440 71
225 309
498 355
93 85
145 328
240 233
294 399
468 70
450 180
392 295
196 129
233 68
79 121
124 475
119 141
251 288
197 381
391 116
222 387
120 311
337 297
275 328
374 154
469 449
317 302
204 393
478 73
400 283
373 240
349 451
211 118
463 235
243 412
60 468
430 89
370 363
116 399
168 252
177 345
410 55
65 197
63 219
466 261
481 462
287 162
236 63
363 288
77 357
128 390
375 209
148 358
443 226
389 339
376 171
310 146
401 72
202 75
496 187
155 356
300 137
474 366
181 234
389 194
95 92
209 454
279 368
132 56
478 489
361 147
175 456
143 125
99 302
271 301
402 429
486 498
101 160
439 134
408 146
390 469
316 82
446 358
463 437
372 374
418 256
231 207
354 102
53 307
422 444
372 178
139 450
371 441
371 140
142 411
88 259
368 123
210 253
213 404
281 91
443 459
175 224
416 102
276 278
497 175
483 488
316 367
150 185
268 267
478 361
137 58
384 179
318 490
313 294
432 215
453 389
461 248
173 232
498 313
408 300
208 103
147 151
278 280
191 76
436 235
185 317
393 405
346 99
183 228
85 477
280 399
51 106
256 158
466 66
464 89
196 486
202 87
367 480
474 275
382 228
323 123
185 406
317 270
97 242
292 409
274 335
138 161
342 454
476 499
115 249
308 126
108 252
353 111
261 110
191 175
200 70
167 462
183 441
295 333
361 364
50 193
163 198
163 351
362 130
177 445
149 389
86 412
119 415
458 424
343 252
485 350
473 341
171 260
262 174
103 375
436 302
65 197
67 135
395 417
87 413
184 134
112 301
85 229
187 182
106 186
108 475
318 457
364 373
136 351
266 445
80 280
275 149
395 229
477 219
496 495
458 145
162 93
309 149
285 452
310 236
471 319
96 186
94 219
173 288
470 72
382 456
110 298
196 293
252 109
77 339
364 446
221 88
233 112
159 391
412 250
214 97
302 152
55 112
481 431
498 53
303 468
243 294
488 300
215 430
333 236
177 378
377 107
356 379
83 409
343 337
399 80
61 88
479 196
386 225
160 102
192 263
219 443
321 67
455 423
89 274
439 209
340 279
407 232
196 116
247 77
92 157
155 329
259 81
79 159
443 440
333 485
101 460
242 100
63 397
436 174
480 244
314 294
84 333
402 347
58 238
183 84
176 179
74 265
224 214
465 96
117 209
406 133
413 454
313 57
443 162
60 391
53 211
452 481
481 433
191 468
91 213
491 332
59 361
319 199
335 175
287 478
462 274
186 154
315 240
76 105
480 475
181 113
182 366
201 489
125 256
349 188
310 68
460 236
312 295
366 122
367 103
363 278
333 78
496 73
126 352
158 256
436 398
246 344
291 59
257 69
199 192
245 350
396 301
142 155
150 322
209 250
192 157
468 407
171 345
416 102
306 295
86 293
372 191
437 84
414 125
70 241
420 484
459 94
419 84
377 165
230 426
277 386
390 154
245 370
208 89
265 426
89 148
299 272
233 247
343 385
298 192
367 86
292 262
273 314
181 150
201 416
263 493
95 357
205 487
83 476
305 279
218 428
342 378
466 184
430 441
259 388
215 436
276 348
174 349
320 246
491 322
285 498
325 253
448 278
179 196
299 253
379 175
492 455
310 450
180 410
349 274
77 185
325 248
227 310
308 331
352 104
247 395
489 488
428 393
342 139
340 373
336 209
279 375
163 102
95 226
132 470
271 257
52 485
177 219
83 313
197 411
277 155
342 91
270 96
285 409
313 352
487 103
459 108
152 442
173 178
443 430
323 261
274 142
149 488
282 498
319 261
131 219
208 442
107 85
250 422
497 402
367 131
474 472
308 480
211 184
266 484
468 226
379 189
244 82
329 321
173 325
469 189
98 400
312 229
230 59
83 143
175 121
342 412
127 481
100 396
192 480
120 170
87 80
353 268
437 203
394 220
125 152
413 459
313 233
482 207
301 434
423 258
453 368
414 160
262 388
140 489
474 433
373 387
177 213
113 50
393 214
187 435
112 284
97 444
51 198
189 237
123 477
193 311
303 385
424 353
220 255
479 396
222 265
301 50
440 385
242 145
138 189
374 188
115 233
442 487
296 275
138 255
402 271
461 271
193 236
405 367
235 178
115 432
428 270
161 293
266 296
483 136
448 188
419 435
226 141
123 407
480 252
198 215
229 395
322 248
435 300
223 362
419 440
80 180
181 309
340 431
448 174
70 111
72 383
92 448
228 359
374 82
297 322
398 485
176 394
97 316
164 330
75 325
271 59
379 269
420 361
448 248
116 305
201 366
396 190
286 267
480 333
259 349
141 436
201 360
303 417
383 385
130 206
341 377
376 126
61 370
88 194
166 430
163 102
163 183
349 473
118 93
93 443
330 198
449 177
484 425
96 278
225 463
499 235
159 495
56 458
138 114
310 101
201 50
262 127
85 323
357 104
463 428
266 281
200 438
215 253
212 289
211 357
494 295
264 201
245 260
228 427
227 183
186 108
246 63
213 489
492 297
226 414
274 378
447 143
316 213
128 442
146 247
458 383
216 391
323 94
164 163
230 306
363 329
329 272
67 329
474 245
254 75
370 273
384 377
289 95
458 70
477 184
419 58
477 216
196 373
271 340
319 316
427 460
321 64
187 141
388 119
393 254
423 304
447 191
323 413
280 81
99 388
467 416
278 87
88 82
373 76
339 424
466 374
192 460
159 426
198 444
154 102
415 464
99 490
451 404
206 419
423 410
368 428
321 175
54 469
185 174
284 75
199 340
328 439
110 77
91 103
336 110
427 252
177 200
396 418
186 493
52 420
238 60
156 101
299 481
237 487
470 283
155 230
452 241
443 431
129 419
410 323
368 499
478 499
385 458
309 498
402 306
290 61
235 157
259 347
229 439
295 122
208 458
164 341
135 373
265 338
161 132
271 299
300 355
108 267
288 472
252 237
180 499
235 487
186 385
454 65
316 174
167 310
241 429
274 123
179 387
479 409
116 285
183 311
132 340
322 274
54 82
58 326
104 127
107 271
103 203
488 222
204 312
303 218
54 264
346 121
167 256
176 334
152 332
130 481
264 287
89 161
172 90
235 174
102 278
309 424
99 375
