1000 50
296 94
317 180
205 363
469 398
428 319
491 237
175 310
263 371
117 485
369 247
416 168
97 55
199 152
435 464
161 289
389 241
182 81
280 485
228 225
108 308
115 474
87 357
491 335
365 467
244 251
170 214
196 135
88 210
186 344
53 185
313 333
425 287
241 403
243 396
170 103
120 172
174 200
383 125
240 368
491 92
230 199
110 217
196 86
140 284
401 391
255 311
224 136
106 218
357 275
329 258
183 253
431 281
352 471
288 221
414 101
303 304
193 124
107 423
407 345
426 296
307 84
475 464
71 253
448 468
360 354
88 465
407 422
82 254
110 159
303 95
453 248
380 409
436 361
375 108
425 198
364 495
221 460
121 57
119 247
225 73
147 244
283 489
465 448
476 420
125 149
413 169
468 128
133 457
238 282
301 467
466 69
306 412
275 487
107 115
201 157
500 334
214 145
100 491
191 212
58 235
335 461
55 303
76 491
170 61
147 226
421 140
319 176
181 433
73 235
156 294
446 492
484 372
474 310
228 282
56 214
136 215
263 315
334 355
482 126
282 291
240 57
185 402
164 50
476 183
65 72
191 384
468 425
76 373
410 133
81 285
274 268
341 301
278 179
408 97
144 117
340 418
146 234
219 250
59 211
91 367
330 187
56 458
116 163
292 113
152 288
119 415
113 203
408 370
415 487
279 94
158 267
308 231
346 367
130 178
461 134
99 397
486 163
340 472
354 341
444 98
99 228
415 61
338 178
465 317
123 409
472 427
397 477
378 170
477 484
167 436
265 422
270 69
301 210
490 394
263 56
134 301
328 70
189 279
57 212
188 446
315 225
172 252
209 285
214 331
148 457
386 436
110 269
362 132
405 431
435 68
65 136
431 166
352 256
354 171
402 264
309 108
288 83
430 291
380 468
283 303
419 193
221 141
131 191
295 65
236 78
377 213
312 252
92 406
373 58
423 227
179 367
254 446
336 268
255 172
382 166
374 385
385 227
215 192
404 158
492 67
369 328
370 446
295 303
309 448
348 373
234 141
139 318
452 201
418 346
485 298
403 348
157 341
362 491
427 336
318 180
473 476
403 114
214 153
393 199
50 128
345 175
307 393
235 328
69 196
316 271
108 304
253 425
118 71
142 383
212 301
91 381
173 124
392 77
54 55
205 88
215 411
472 119
252 96
53 91
238 490
475 218
142 408
434 466
281 318
396 155
183 247
248 259
55 179
121 348
75 62
183 408
215 73
389 342
330 56
110 115
198 411
98 270
197 481
361 94
482 79
341 297
67 61
102 104
445 374
411 208
393 191
167 335
425 223
151 378
276 414
245 345
389 264
155 365
323 466
456 430
404 385
95 69
428 492
189 497
56 485
243 462
426 381
155 274
245 107
391 151
259 472
231 347
186 435
209 437
407 310
465 478
361 340
264 471
139 101
172 292
361 390
275 239
137 473
411 178
432 422
179 109
447 317
303 365
479 289
474 286
457 396
348 202
437 147
127 97
140 368
166 267
388 332
277 473
74 237
451 129
500 213
53 401
311 146
151 326
226 281
490 353
317 164
190 297
441 492
123 91
339 256
343 143
431 270
297 182
56 463
195 74
197 195
153 495
368 266
145 175
98 78
198 496
283 470
218 324
212 124
182 169
469 382
448 491
329 268
403 232
257 284
337 135
211 317
252 212
336 307
396 189
72 166
183 193
339 491
500 121
72 482
84 260
487 252
272 294
76 273
145 411
137 388
456 450
138 340
442 446
466 321
169 137
85 138
451 440
469 228
476 213
256 202
471 192
112 99
250 145
210 322
114 209
475 322
103 169
351 73
454 467
172 266
160 322
156 405
183 152
489 437
291 372
132 85
264 497
380 355
88 175
195 488
99 183
417 157
117 129
79 53
377 148
136 403
246 256
261 227
248 118
416 381
395 494
301 234
261 316
358 134
299 164
382 219
65 78
228 59
167 357
471 136
257 336
131 122
76 360
486 271
296 323
456 220
354 386
321 370
185 479
393 492
289 466
226 97
62 479
277 479
484 437
258 75
110 275
496 184
429 124
154 70
206 128
154 367
80 67
477 69
373 408
222 58
327 405
305 155
229 96
392 357
369 296
72 373
183 494
203 327
263 372
469 159
371 413
259 88
174 203
175 476
78 382
446 428
262 380
492 156
59 460
400 55
78 393
108 134
302 288
91 404
291 239
419 352
236 188
450 210
288 233
422 186
158 327
192 306
119 129
120 143
208 271
281 426
158 104
148 343
160 202
81 417
210 123
336 499
353 117
418 140
481 272
499 401
113 242
408 124
204 136
240 121
437 53
484 171
198 476
93 499
309 332
235 411
470 194
306 276
70 380
60 285
353 447
277 179
204 327
156 225
176 419
220 164
227 477
245 298
220 416
206 282
214 326
371 477
250 107
169 186
409 387
96 353
292 164
168 487
446 214
216 362
186 405
436 151
379 195
361 262
235 132
117 229
467 156
373 55
203 56
99 305
371 70
287 114
99 476
379 333
126 233
438 50
206 80
320 262
480 374
188 332
363 289
261 389
479 311
193 193
71 223
351 75
355 183
347 64
457 288
88 463
394 148
198 463
141 167
445 267
189 248
428 381
490 189
76 366
365 105
310 459
149 185
492 102
272 438
449 186
484 253
379 136
175 483
82 110
106 229
277 370
345 394
127 461
240 450
124 221
347 467
447 60
287 373
393 407
361 137
417 338
102 497
258 241
266 175
420 72
59 469
116 484
244 219
330 141
214 98
210 300
396 134
262 204
412 52
383 115
477 254
200 250
249 188
381 311
457 160
326 451
424 408
105 473
443 401
53 124
360 446
325 59
135 430
462 490
469 304
499 374
63 436
203 353
195 306
107 464
471 389
186 188
293 74
327 317
377 204
286 214
375 391
458 442
111 239
213 163
360 146
378 384
412 51
380 209
142 196
93 415
298 222
456 302
387 237
153 254
429 146
70 106
187 100
246 167
114 422
99 118
211 87
281 52
232 215
324 401
438 170
236 89
55 431
414 451
336 219
226 355
102 449
145 182
322 117
329 417
323 488
108 339
176 58
179 99
91 89
274 356
262 125
476 259
428 51
76 76
351 278
110 290
193 379
113 137
227 141
495 387
78 361
175 123
53 139
444 144
413 318
382 254
109 456
166 127
266 328
207 106
345 135
111 470
463 113
73 311
52 393
329 289
366 465
400 220
450 74
489 483
168 498
386 418
318 73
316 246
329 273
172 482
114 140
368 415
162 210
398 466
457 244
254 403
486 61
365 133
204 268
179 333
276 205
333 371
459 170
277 253
458 441
434 224
111 163
419 378
119 352
411 421
263 76
492 425
477 265
406 442
490 479
261 79
68 363
462 323
437 202
444 232
410 337
108 178
378 418
423 123
425 220
194 390
402 283
463 361
73 157
147 421
336 332
193 419
457 139
83 369
355 304
353 101
57 403
459 460
374 458
235 466
360 417
361 416
450 442
171 153
432 381
230 441
166 222
190 148
143 364
424 81
453 418
438 331
235 90
445 119
373 109
389 489
180 111
374 116
121 131
372 322
489 438
241 222
296 102
378 107
136 298
163 455
132 312
427 116
259 336
415 241
474 224
414 217
56 282
165 245
121 394
376 351
284 230
101 450
164 123
83 194
62 53
166 55
59 139
74 310
368 466
118 393
101 365
183 209
447 426
316 461
487 122
476 382
469 204
391 263
205 174
238 126
487 376
292 80
78 500
343 107
341 443
222 439
491 155
329 244
486 211
418 170
436 469
449 210
203 205
107 108
261 328
406 183
286 116
369 380
403 65
182 322
362 305
450 100
164 483
370 365
332 440
90 411
117 490
343 53
201 98
387 297
377 409
252 303
406 142
494 63
484 349
182 338
287 376
437 219
227 500
461 67
339 476
250 322
299 196
86 248
110 442
62 90
59 125
310 339
376 80
77 408
180 232
385 75
387 241
253 359
62 56
217 54
85 162
216 459
494 321
77 115
197 330
251 421
393 491
144 221
214 262
322 137
402 289
265 456
426 89
66 201
330 374
112 187
64 459
185 162
408 64
329 448
280 344
383 105
437 165
429 219
364 182
60 304
199 50
393 335
139 166
110 263
181 167
126 259
438 487
470 461
215 86
102 264
321 424
351 345
64 479
140 138
293 365
201 84
390 62
330 79
427 126
260 383
242 92
205 227
456 55
204 293
466 104
225 389
353 258
405 179
493 209
451 149
314 249
88 216
446 252
474 498
243 61
275 313
398 497
125 261
278 304
53 496
447 438
216 267
234 349
147 375
300 114
467 226
374 341
236 249
400 199
405 229
228 328
100 320
424 243
371 286
109 59
224 367
115 348
152 383
243 282
54 335
413 179
286 282
179 74
399 178
312 415
212 175
256 489
267 125
115 167
76 110
460 161
183 259
399 169
365 273
298 320
410 175
295 384
220 294
226 203
389 355
295 351
98 290
241 156
160 405
318 478
129 119
267 56
51 463
75 330
398 151
99 183
316 182
484 84
125 89
448 138
309 143
154 500
406 227
