1000 50
343 256
457 273
156 113
72 203
165 321
381 95
239 101
166 91
497 461
141 458
480 417
304 374
455 101
173 91
214 94
71 291
288 155
349 332
311 379
98 187
202 208
442 69
365 153
215 478
170 478
108 434
367 340
233 456
267 70
427 274
335 301
257 115
492 399
238 457
158 77
158 249
280 189
302 396
259 80
322 306
426 244
312 66
196 292
214 211
143 267
486 459
299 415
239 96
183 403
301 194
332 287
216 99
256 351
297 380
323 231
397 278
318 184
75 139
481 137
380 67
175 100
150 152
320 160
273 134
469 480
238 191
195 75
298 177
219 263
57 351
284 462
341 244
212 307
326 178
376 310
453 68
274 386
468 310
151 122
352 181
80 477
498 354
362 128
403 52
145 201
305 267
105 350
256 466
192 244
485 426
238 319
73 265
325 83
453 301
467 352
433 465
50 283
300 134
402 217
417 373
199 432
468 198
210 107
434 500
159 314
330 76
452 362
333 180
207 192
182 83
457 497
437 291
247 233
427 479
377 289
228 409
53 345
172 498
187 438
261 202
303 453
222 206
373 140
253 142
375 497
292 411
93 326
52 369
161 224
331 97
375 155
78 272
208 383
146 262
224 213
467 354
364 234
328 404
106 150
253 81
496 185
481 226
304 93
377 284
97 282
210 477
139 74
472 449
113 253
169 358
172 305
455 185
365 431
294 151
63 282
241 319
279 81
254 196
63 160
495 488
87 99
92 223
384 187
183 476
273 162
348 363
407 431
380 481
184 222
452 171
441 316
142 430
88 354
388 439
353 100
144 473
364 261
92 371
207 474
364 379
380 471
478 203
488 314
457 191
59 205
125 253
351 241
497 433
77 94
378 416
277 237
341 143
419 203
327 159
363 397
441 178
319 108
442 387
349 206
137 392
423 260
282 259
286 72
97 473
219 198
433 287
78 230
336 444
134 165
258 464
480 409
469 340
450 330
175 176
68 135
174 155
414 272
145 398
499 118
80 344
183 363
420 318
133 304
177 382
96 500
189 139
233 493
118 121
239 459
364 98
56 289
167 312
438 75
315 52
409 350
438 296
138 67
127 301
349 91
399 255
418 323
288 69
172 129
171 185
99 202
279 370
438 139
233 123
238 297
370 197
335 437
194 100
175 172
53 57
500 99
412 199
346 308
332 152
191 125
172 163
78 223
97 253
272 155
494 390
134 144
337 472
212 391
228 410
462 264
85 375
492 299
117 304
66 339
430 339
215 243
227 249
176 127
493 280
174 442
391 196
402 438
371 483
422 196
214 111
344 249
230 120
410 374
119 159
205 143
484 292
453 190
237 314
90 201
104 200
374 415
155 446
492 348
392 448
251 211
255 195
238 413
57 355
353 227
369 475
257 97
482 425
153 86
480 237
359 167
451 229
432 418
199 322
106 500
247 200
319 128
234 344
67 60
312 452
50 264
165 71
471 321
87 388
370 135
461 275
441 160
259 400
63 113
242 392
95 79
199 102
214 205
403 405
438 60
494 422
103 353
222 99
305 264
232 186
230 202
98 380
50 203
498 234
417 279
236 396
399 99
98 382
238 202
363 437
166 419
92 253
153 257
122 301
425 120
326 71
238 81
113 334
326 196
351 480
438 479
83 170
329 125
256 235
331 318
105 380
247 316
150 248
202 357
449 491
379 416
126 296
366 419
93 446
338 251
455 497
179 220
61 471
323 366
238 458
492 191
325 255
355 315
160 122
86 96
290 436
318 428
464 142
246 105
482 51
337 118
487 237
307 395
163 84
236 363
117 411
282 141
373 312
398 94
440 441
117 497
377 112
317 472
106 97
103 460
175 434
126 62
362 287
416 395
137 166
335 284
467 363
333 403
434 420
369 442
409 164
112 471
455 326
174 87
69 192
213 219
355 160
104 170
242 289
315 132
405 225
128 199
336 161
290 266
255 168
159 414
465 224
219 233
453 310
238 147
184 143
219 208
179 73
266 474
254 237
59 474
125 225
495 320
251 477
355 213
462 353
273 348
318 71
318 203
220 445
106 142
371 304
108 56
235 362
267 409
182 265
210 302
497 233
392 283
169 373
270 166
343 272
245 493
363 295
198 315
260 326
139 223
379 202
92 207
54 307
82 372
382 270
274 184
200 357
222 120
165 377
396 184
169 419
245 203
251 317
469 371
310 422
469 390
488 67
225 426
423 420
452 121
233 450
58 355
357 325
472 489
448 237
309 124
400 448
198 388
165 434
104 397
437 234
74 437
325 340
219 482
93 134
285 204
473 463
152 168
103 62
163 258
108 325
188 76
394 462
211 390
311 129
314 337
132 356
364 380
285 243
270 315
303 70
161 413
314 310
176 197
377 71
400 302
454 111
385 393
388 372
274 301
63 227
119 185
491 393
241 76
154 266
366 357
276 216
116 214
472 274
286 106
310 407
307 463
363 307
368 55
194 214
325 370
371 399
272 483
441 213
432 310
157 407
270 87
425 303
225 74
360 195
101 204
307 136
365 338
129 287
473 234
428 220
131 215
177 265
407 498
424 295
448 151
174 62
349 343
139 379
268 137
95 319
371 419
390 61
322 53
300 323
401 289
354 398
140 387
451 161
392 408
135 207
96 364
390 192
169 131
424 498
175 429
331 304
457 428
67 109
172 271
94 343
396 385
469 448
123 136
214 253
476 436
124 235
357 429
244 351
241 159
200 261
357 416
213 221
457 275
61 196
281 120
451 488
292 223
190 299
339 285
242 69
285 432
145 127
314 334
136 246
71 269
296 189
476 287
67 322
336 74
418 421
316 288
104 106
466 134
212 404
452 130
301 57
396 354
109 385
270 103
215 206
348 325
403 287
199 453
397 142
139 498
417 85
110 261
174 489
267 319
459 213
468 476
196 314
307 126
189 268
371 450
489 114
209 254
355 279
271 55
398 312
92 460
154 215
303 246
214 327
278 85
441 127
83 269
113 199
124 126
101 51
215 312
244 280
220 269
315 378
313 280
287 117
246 347
50 383
255 452
276 452
103 423
438 414
256 448
245 54
470 248
302 413
212 336
352 147
355 172
200 459
383 299
191 228
65 427
281 242
445 272
462 437
51 71
117 226
131 74
400 420
266 325
448 277
350 296
94 407
65 128
53 288
170 354
416 206
160 266
302 331
301 351
302 277
231 244
71 234
313 274
248 376
326 179
271 420
500 283
225 300
237 481
468 366
146 237
324 211
202 216
149 465
195 94
439 392
460 64
244 208
203 69
340 147
332 335
461 455
480 446
250 479
291 243
309 90
340 415
493 324
456 109
411 148
489 153
138 374
462 144
126 232
75 356
136 451
395 55
432 438
433 309
129 84
470 240
399 207
386 143
175 66
166 60
445 401
368 178
469 127
62 103
285 376
313 229
330 63
372 421
173 276
400 262
183 482
132 52
109 247
243 450
467 399
122 427
155 181
192 219
275 137
289 212
256 117
101 281
362 332
478 434
381 461
225 372
215 465
163 221
413 86
365 316
189 50
300 276
433 321
468 403
290 423
105 186
236 360
54 225
146 485
134 294
75 440
282 489
197 133
208 368
497 370
277 371
359 184
262 81
374 99
351 98
246 115
325 462
274 473
352 167
79 496
112 346
180 414
467 114
303 109
124 297
376 220
346 371
239 75
125 192
355 389
268 239
180 352
200 405
87 391
442 455
411 70
318 378
161 59
190 310
187 237
412 139
204 265
143 406
167 497
206 499
126 483
108 272
492 153
273 472
279 393
443 355
81 104
165 104
453 461
353 182
239 210
313 145
253 96
428 500
183 298
238 461
104 265
317 277
296 104
87 73
404 495
485 228
288 56
431 148
370 190
327 408
495 283
445 419
144 171
174 189
57 452
252 377
148 367
271 79
363 273
65 229
162 427
228 455
190 132
410 396
112 482
119 119
151 197
318 227
273 326
68 139
417 90
329 358
103 288
157 458
133 445
137 364
115 215
274 467
456 139
164 155
432 98
256 106
410 64
352 300
412 125
429 348
178 192
65 125
302 296
74 476
428 483
470 316
248 54
140 228
179 486
207 424
129 295
484 128
413 203
268 355
242 324
379 454
356 409
193 455
105 404
214 230
238 56
373 99
106 418
420 83
408 361
377 358
431 278
141 224
293 280
461 239
250 208
158 174
370 170
475 177
396 390
244 110
73 261
402 337
472 316
324 294
158 253
417 251
268 279
57 281
56 173
359 461
236 466
182 437
494 389
438 407
461 146
140 161
432 333
257 465
97 341
96 232
329 439
224 259
133 498
498 90
328 400
416 54
122 173
94 132
494 206
450 440
90 173
278 99
185 50
186 287
439 156
413 216
81 389
431 82
477 85
168 419
52 190
442 142
73 147
456 139
141 495
369 233
90 205
461 70
137 402
431 231
451 457
215 137
463 379
391 434
164 301
259 373
102 94
443 167
374 283
171 478
384 161
223 438
423 172
126 72
126 221
223 197
261 96
288 375
119 310
103 435
152 149
487 94
401 300
370 227
407 114
240 216
295 461
66 224
106 109
