1000 50
407 244
464 181
423 330
201 320
457 195
322 382
370 88
361 343
63 269
195 329
149 166
244 313
298 242
111 235
91 84
127 401
216 96
413 305
82 300
144 170
74 252
136 203
193 95
335 272
107 303
369 193
305 406
188 344
276 244
330 368
361 61
461 289
59 186
96 54
130 472
396 370
126 328
181 68
319 496
93 335
126 254
190 192
239 233
350 206
170 321
389 434
272 126
62 69
226 226
114 51
348 480
254 329
281 496
208 309
426 231
460 142
488 392
142 459
284 257
432 208
278 100
268 315
374 304
53 408
54 411
290 405
154 462
423 398
288 440
183 324
314 89
360 186
250 473
185 333
395 191
58 178
222 414
322 218
122 380
421 149
93 477
322 107
96 299
150 224
74 423
469 392
107 220
101 259
256 111
78 481
415 105
337 145
284 270
238 287
174 220
221 390
94 376
64 234
382 246
499 471
411 356
290 405
151 121
98 312
58 366
278 419
271 438
362 286
264 348
293 422
284 222
468 323
107 139
213 246
274 236
357 319
391 464
228 83
419 195
237 265
243 121
334 334
180 61
434 197
402 297
384 464
368 469
306 50
298 198
115 413
314 172
194 163
267 228
329 404
99 267
414 256
126 216
487 257
425 114
379 389
459 443
307 131
399 228
462 334
386 394
496 466
403 444
50 296
311 357
461 141
307 249
442 334
224 270
419 228
105 384
352 366
344 455
192 164
374 255
263 160
163 185
381 55
343 56
217 206
419 490
315 424
276 335
220 207
114 281
400 83
120 419
314 341
390 237
239 212
217 387
437 267
189 434
473 434
487 483
307 350
298 232
269 488
432 427
423 458
100 360
132 97
51 423
461 428
145 365
170 210
251 61
304 256
123 454
138 281
125 445
227 201
261 113
384 328
433 337
426 67
364 359
104 219
378 342
399 86
293 163
82 432
338 452
366 456
104 170
79 202
263 69
286 143
284 126
478 451
296 379
249 399
293 314
74 52
282 460
384 324
490 272
223 326
185 77
241 454
89 173
497 105
313 403
101 115
116 260
443 212
424 185
471 125
369 100
154 365
336 225
58 184
468 444
217 383
178 155
83 323
235 221
181 346
52 323
274 370
485 195
464 316
475 423
207 209
208 204
229 426
327 468
213 188
160 453
250 255
225 404
197 122
171 469
376 153
269 115
220 68
299 378
254 361
156 318
327 58
186 136
389 379
194 404
442 427
448 199
132 340
194 220
123 342
333 200
460 89
253 349
498 397
118 223
121 153
474 228
169 458
484 154
132 484
340 358
385 451
132 90
294 482
154 452
455 200
96 108
496 257
408 85
429 217
425 463
330 66
464 124
261 420
213 162
169 314
116 296
79 292
392 356
293 317
262 442
385 151
498 163
200 182
390 374
181 299
349 72
279 397
297 420
132 439
364 300
416 80
462 51
158 291
369 391
218 418
358 436
200 302
251 278
394 486
72 64
478 469
208 94
480 69
364 443
276 55
254 262
119 184
244 108
293 485
279 180
478 440
133 114
244 57
218 161
445 236
277 440
235 154
87 151
264 405
410 472
81 476
373 372
405 95
482 456
105 191
127 371
109 126
295 399
394 179
337 221
265 86
268 236
274 452
64 153
344 114
495 251
349 146
250 443
197 291
277 341
114 117
436 112
66 271
439 464
228 204
327 59
196 477
124 53
77 121
361 339
145 281
263 379
448 302
179 431
389 279
138 108
385 253
496 475
265 103
349 266
411 303
107 233
192 204
116 61
112 77
154 401
372 106
298 464
133 146
135 438
482 69
385 76
242 175
74 66
436 370
402 265
308 133
193 63
264 387
338 381
87 392
382 59
102 438
234 399
422 363
227 158
190 321
493 89
253 228
451 245
140 409
322 443
226 476
407 225
259 426
329 201
112 470
250 404
398 474
423 370
225 145
352 401
311 119
470 449
122 295
243 267
327 286
336 170
431 275
280 176
432 130
196 206
309 387
67 412
231 206
263 314
124 182
323 136
222 348
209 256
286 419
126 156
180 363
293 484
301 363
496 471
243 475
486 365
390 446
246 369
281 429
374 395
109 138
328 231
194 493
133 257
481 264
85 329
97 401
352 363
316 122
325 361
330 384
406 215
372 489
100 138
270 314
119 69
132 328
330 220
404 284
440 382
242 106
204 70
152 225
381 200
450 176
65 469
227 414
71 396
470 314
61 209
238 141
169 203
338 352
155 474
388 142
261 139
113 194
412 229
259 106
84 362
132 199
412 444
166 213
491 175
180 456
354 57
259 468
74 299
201 163
491 239
327 117
263 312
224 308
298 310
425 466
58 366
340 328
166 278
118 131
357 333
169 479
375 59
97 239
268 306
214 344
284 391
52 318
427 499
200 345
165 153
82 332
401 438
482 65
327 359
111 131
270 144
100 199
170 178
368 59
297 352
85 306
189 374
185 292
447 53
259 416
462 386
266 232
429 110
66 127
229 489
442 355
187 191
162 426
137 94
147 67
121 294
170 314
160 58
475 303
478 326
494 138
194 498
177 243
370 368
312 140
490 189
54 143
166 238
369 478
182 195
270 273
447 195
413 333
96 349
421 495
61 299
364 464
357 306
287 206
298 373
70 200
240 401
262 447
283 300
440 167
488 324
204 410
190 302
358 296
448 419
104 434
344 270
470 107
304 112
394 288
451 301
340 203
170 70
317 318
201 322
118 199
115 268
363 161
107 182
480 299
476 235
120 391
286 140
171 490
95 198
150 280
257 463
220 250
315 430
233 298
112 205
229 481
98 175
291 182
138 394
57 349
367 242
436 166
346 183
197 63
58 183
498 391
411 150
170 336
293 73
339 249
241 152
359 259
157 306
56 145
180 152
102 307
165 228
256 213
484 251
341 99
400 56
308 91
371 50
450 262
420 78
278 401
171 283
217 495
362 107
109 206
369 262
441 340
447 185
351 414
410 392
257 280
179 390
95 117
273 394
76 347
425 360
434 449
355 141
490 195
149 390
406 245
273 331
69 490
283 98
81 114
51 386
267 212
313 369
358 349
462 72
394 343
329 349
172 136
245 184
143 408
467 499
66 499
133 498
89 390
188 371
65 229
293 396
178 383
228 240
404 120
61 248
309 309
118 446
296 406
500 281
283 160
472 257
438 134
492 405
197 441
120 69
347 294
52 192
194 245
135 126
193 316
136 325
254 475
413 416
422 203
163 80
170 224
407 60
408 133
325 244
115 125
115 327
488 122
185 423
138 222
345 402
435 414
158 302
84 231
272 97
436 244
452 154
465 406
494 84
489 352
492 433
439 127
362 173
292 488
205 388
484 154
182 183
204 201
385 331
63 77
171 484
363 462
349 449
223 321
387 447
77 242
389 73
477 97
462 455
318 333
357 140
363 184
444 192
89 289
383 251
113 202
341 67
450 303
422 451
327 357
205 413
274 355
430 315
431 267
378 193
339 336
271 193
261 222
334 388
427 151
487 290
118 236
115 75
385 494
465 294
488 322
295 159
108 353
250 115
211 300
480 89
92 306
392 498
56 264
218 461
348 459
470 167
201 281
172 77
435 339
170 307
410 322
377 308
419 330
203 217
457 61
288 437
60 474
110 217
389 174
345 113
421 379
237 270
286 93
249 349
373 490
338 325
249 470
295 181
185 440
239 342
442 228
439 474
220 209
217 361
110 209
187 353
203 457
208 140
107 416
317 360
177 351
262 326
87 225
328 344
354 409
118 123
333 317
109 270
258 406
88 449
499 479
354 360
126 294
466 66
226 125
282 186
374 77
457 462
142 218
71 330
314 361
124 341
448 456
254 172
169 466
310 376
161 410
61 239
268 337
163 261
58 355
441 152
83 124
58 258
303 217
212 295
398 292
483 392
230 188
129 301
356 387
117 452
480 165
60 198
496 295
196 66
182 240
332 278
75 192
376 180
195 106
402 420
302 314
151 110
429 478
494 237
60 436
227 406
468 123
392 231
168 159
452 174
431 194
362 437
343 338
214 368
140 157
250 59
441 289
347 233
315 142
187 153
256 379
153 130
155 100
458 398
368 57
264 132
448 259
351 192
304 345
353 71
151 439
227 396
125 363
247 143
424 318
57 77
382 161
152 336
225 250
400 302
360 463
347 193
299 427
149 69
208 148
251 426
375 238
457 184
340 136
135 290
297 112
394 466
105 432
358 368
132 131
354 450
124 483
199 391
69 146
242 150
416 188
320 328
151 185
256 348
490 415
171 499
367 474
153 485
496 287
179 403
107 375
55 395
469 91
307 389
430 213
214 453
92 308
481 481
426 434
142 219
382 308
136 275
481 159
215 232
319 484
433 322
340 309
461 72
154 168
367 58
462 176
399 143
72 93
496 142
142 373
71 402
299 72
174 180
74 123
96 120
399 308
293 132
196 300
140 302
397 323
421 458
395 62
400 430
196 234
128 454
77 321
290 401
448 359
375 410
422 368
220 107
230 403
391 449
373 131
124 314
309 271
412 397
329 59
472 166
487 335
447 186
250 221
280 408
465 260
251 175
134 215
