1000 50
51 151
260 227
377 179
359 312
397 346
143 84
307 283
220 437
294 384
448 334
166 218
398 365
137 404
477 473
64 466
101 449
427 375
393 417
115 325
88 480
107 184
364 360
432 148
464 236
447 287
75 134
226 331
106 392
427 339
90 315
367 373
172 279
216 258
197 84
104 239
55 288
165 155
81 319
480 80
438 498
226 436
202 398
141 367
364 292
145 369
249 151
253 316
374 497
345 420
340 175
121 447
177 268
162 226
165 422
420 108
93 189
326 331
125 414
59 485
89 310
377 97
189 385
81 125
110 242
73 102
251 389
91 63
112 412
263 107
342 323
461 335
169 206
481 310
323 282
229 261
213 353
408 135
354 349
268 354
362 412
238 353
222 396
127 53
54 343
424 135
269 395
258 246
140 432
127 269
448 184
106 192
178 470
335 370
345 317
168 82
271 413
181 367
148 176
148 329
284 487
69 275
438 107
77 393
99 213
457 246
227 98
140 454
423 89
453 259
300 98
256 262
413 303
150 184
88 350
231 124
407 459
61 474
79 459
119 90
313 324
134 413
396 264
281 481
431 106
165 274
232 65
460 130
111 430
283 492
480 168
464 177
341 353
327 319
79 353
94 291
232 263
285 382
480 311
86 240
207 468
453 455
417 375
378 371
266 416
204 137
107 300
300 117
459 157
117 126
315 300
182 471
143 320
217 284
415 242
323 466
393 100
153 265
473 226
58 260
195 81
65 320
253 372
261 83
398 411
447 466
241 92
307 390
226 438
431 203
464 288
302 474
136 324
165 143
309 82
76 224
495 106
446 448
313 105
259 92
297 179
425 73
165 76
469 370
148 372
68 499
142 312
285 218
421 191
267 428
376 467
410 99
150 420
231 212
318 157
386 169
305 366
217 275
238 181
458 118
175 412
403 255
438 390
312 163
76 67
126 318
124 194
300 114
182 483
477 270
114 346
121 430
121 130
262 490
231 159
311 481
409 91
116 196
461 486
109 327
476 438
133 370
160 198
149 135
110 310
368 308
175 130
464 451
93 319
65 367
426 311
146 413
458 118
434 290
449 306
403 137
141 400
162 225
339 157
82 382
269 174
420 66
70 473
157 269
236 408
449 373
165 168
225 162
477 99
466 353
203 485
256 309
304 205
74 129
196 225
307 184
124 320
295 477
173 228
171 341
171 387
245 360
220 356
374 306
376 438
370 439
260 359
130 392
445 372
72 114
339 437
216 207
57 89
379 159
486 131
256 461
97 429
324 430
324 209
355 145
141 393
379 470
420 78
213 319
185 115
89 250
445 332
499 375
357 293
177 352
167 93
357 187
438 312
280 437
419 388
453 240
294 187
499 276
433 384
85 428
215 202
282 79
261 267
146 71
82 144
290 325
399 86
497 244
483 180
123 369
280 277
82 460
453 159
175 193
56 429
180 447
407 225
379 160
74 132
404 114
341 459
86 381
396 111
241 266
97 330
444 245
497 147
452 487
206 138
441 408
209 483
244 416
150 319
349 169
404 447
480 479
170 98
182 480
228 137
212 120
397 426
274 214
341 197
93 321
146 197
386 180
459 239
75 413
433 58
320 170
416 82
53 83
470 311
289 302
174 131
331 362
485 103
292 281
178 312
124 156
497 328
205 391
387 144
230 337
319 347
286 260
400 465
142 486
323 131
106 258
263 192
118 259
53 265
270 305
114 421
216 369
283 135
166 301
419 398
73 472
406 430
382 161
169 301
162 414
387 207
333 428
422 127
224 451
423 115
487 428
251 150
329 349
362 453
188 415
100 120
335 242
494 174
487 145
369 87
121 496
183 470
261 480
341 184
141 405
151 56
215 485
172 189
243 469
119 93
135 334
263 436
466 267
204 256
93 346
303 216
391 430
203 435
115 173
329 77
475 54
118 251
108 152
209 311
489 446
445 58
238 238
347 139
308 442
217 138
393 457
80 239
196 197
191 480
402 410
345 103
407 424
483 339
99 287
103 69
304 275
231 387
467 285
324 359
317 187
318 262
76 160
214 159
424 344
136 241
312 468
130 179
476 480
300 68
241 127
124 457
204 227
217 298
96 209
186 315
62 328
419 459
185 93
193 236
459 430
184 185
180 355
170 56
245 258
100 51
372 120
439 412
404 300
101 399
485 293
94 312
165 150
150 110
388 197
102 396
190 353
482 229
198 274
360 414
79 147
400 415
285 68
121 371
306 319
372 208
149 470
382 190
419 187
105 146
276 470
114 175
208 277
242 325
90 493
395 287
356 120
265 311
469 185
153 239
457 219
325 185
170 266
158 431
341 357
198 343
421 305
272 449
332 299
288 234
67 285
189 128
388 466
244 314
349 211
375 325
431 305
441 208
266 85
144 375
181 480
370 469
351 202
309 280
258 130
74 359
301 310
166 106
489 120
353 188
382 275
269 165
400 451
287 302
409 122
76 342
75 474
420 325
123 327
147 280
110 256
254 162
397 184
339 130
243 490
130 285
282 57
199 257
199 280
89 401
169 124
316 140
366 287
268 499
90 301
449 210
333 373
434 369
492 342
486 475
268 80
404 68
160 373
272 222
211 389
407 286
100 466
331 328
118 189
379 58
346 259
135 112
393 106
438 392
390 401
412 231
175 358
470 422
154 443
201 154
70 432
282 256
483 288
98 415
225 70
309 199
111 273
330 76
270 89
376 93
138 194
64 267
442 116
428 232
495 304
297 222
188 458
174 135
317 213
438 266
191 411
337 402
57 132
135 387
486 443
127 205
335 159
132 407
80 473
430 76
316 316
383 362
238 376
283 348
97 451
333 430
484 329
249 401
67 140
170 483
413 82
414 99
388 141
101 399
301 266
489 160
80 98
133 141
208 319
265 312
169 181
95 291
81 436
322 371
174 322
329 237
148 245
427 355
118 481
419 255
221 202
292 350
490 468
354 203
277 175
92 396
453 413
351 348
222 375
251 182
250 302
56 381
474 139
120 450
413 79
454 205
299 401
98 139
88 398
432 157
374 123
287 226
427 176
154 192
262 107
204 201
490 206
238 168
432 231
275 155
447 336
392 368
297 145
396 233
394 368
253 282
401 366
102 271
442 462
290 366
372 452
347 291
245 429
372 262
356 89
197 418
94 126
242 439
366 301
471 269
114 85
90 470
103 453
157 227
346 357
355 127
364 141
57 438
286 247
159 180
55 255
444 204
278 280
275 243
417 187
58 63
103 337
293 87
214 124
110 478
267 217
66 470
111 211
115 346
391 284
419 449
332 345
395 86
471 302
280 492
219 92
294 433
181 426
328 366
488 431
288 475
381 270
402 118
486 190
276 138
288 380
384 124
384 211
138 144
406 167
333 476
198 435
113 362
454 352
236 495
447 485
188 408
179 213
435 98
300 306
479 393
381 259
56 397
265 285
388 472
230 154
398 69
319 468
317 193
119 50
401 97
480 356
71 243
283 182
296 189
238 303
70 312
429 159
368 57
332 319
192 383
316 471
311 473
51 295
158 480
221 435
469 379
142 497
338 419
307 149
100 296
180 296
429 130
225 312
434 473
308 195
467 172
205 110
497 227
469 152
96 209
431 109
265 325
471 51
315 385
349 282
390 95
66 110
162 260
287 359
215 338
269 476
96 50
264 284
294 174
426 427
169 64
89 413
71 472
128 466
91 303
268 182
190 415
118 65
404 125
127 227
327 327
458 148
62 65
430 310
382 97
79 404
393 163
275 495
242 239
314 441
431 444
164 303
274 441
276 426
469 176
484 129
489 340
268 155
345 135
314 155
92 143
489 233
453 397
204 410
185 178
77 184
65 298
408 141
408 145
51 91
381 412
144 113
412 466
349 140
240 463
199 214
174 110
436 160
495 58
84 494
278 293
115 383
426 370
430 57
120 247
474 296
73 73
395 227
389 123
295 52
320 271
352 491
105 92
262 76
452 334
450 139
227 63
367 322
127 461
397 495
162 480
347 350
222 309
395 420
495 130
356 127
119 284
489 341
123 174
350 186
181 414
298 118
303 247
81 131
241 299
107 452
327 422
373 307
418 303
248 483
422 452
400 139
403 173
342 444
124 50
291 80
248 403
403 227
438 408
65 175
159 222
492 260
418 364
192 424
414 114
476 152
244 65
331 151
273 205
367 405
307 494
283 432
263 87
58 500
487 111
152 413
67 366
310 303
146 247
182 305
219 162
291 157
250 82
120 470
260 158
252 405
347 169
239 75
262 311
485 211
106 333
482 137
140 175
301 266
242 94
448 460
152 153
71 360
228 471
190 285
310 166
152 246
95 255
275 194
145 330
87 460
80 334
78 433
312 111
55 220
112 254
69 353
447 214
499 493
112 53
86 116
220 314
134 401
206 324
143 456
341 320
309 281
217 484
176 291
179 257
321 217
71 456
379 90
475 433
245 328
442 268
302 471
53 117
330 285
414 299
413 157
261 243
301 245
326 190
269 126
281 304
238 105
489 372
297 148
254 205
308 403
483 70
100 462
291 387
247 104
350 423
224 380
296 289
459 260
76 158
293 286
391 121
