1000 50
256 190
245 295
225 453
442 318
58 260
114 132
339 58
273 356
296 179
77 102
336 426
175 401
205 139
67 390
136 130
281 246
350 341
99 194
115 209
179 308
147 172
80 191
246 464
485 399
426 128
483 222
288 126
328 307
319 336
154 341
434 372
298 250
267 286
115 461
279 73
393 149
263 361
218 284
497 105
328 113
127 237
87 348
272 120
266 290
65 208
240 126
126 140
351 451
429 335
223 72
339 301
202 465
374 363
359 481
163 234
271 102
458 363
410 219
84 180
465 462
456 140
220 308
119 351
153 155
475 172
115 121
159 121
246 353
376 98
416 291
122 358
214 174
258 277
205 479
497 52
206 277
134 94
254 129
109 388
67 150
400 248
301 194
453 267
81 465
125 90
327 320
132 443
426 197
438 426
323 446
109 194
224 346
250 122
408 64
92 104
483 470
153 331
270 315
265 116
139 164
306 243
122 378
178 323
392 319
341 414
314 96
331 195
306 231
144 301
213 106
342 243
245 216
362 202
336 491
420 283
332 266
399 342
189 314
456 75
156 392
61 56
438 66
342 369
154 188
201 386
317 376
325 486
164 219
370 63
500 345
216 480
94 455
451 233
371 156
142 111
123 249
471 469
134 53
335 146
295 214
235 175
308 241
75 329
462 413
265 368
299 113
436 125
245 112
463 100
139 439
95 257
70 495
216 131
493 151
373 400
120 88
317 175
105 52
185 138
491 462
473 331
283 474
73 54
493 254
85 473
415 272
203 121
157 300
305 398
466 241
132 81
365 177
252 401
366 470
217 430
232 237
459 398
234 159
341 190
364 110
193 312
54 154
140 94
305 400
440 226
392 202
459 163
355 299
109 261
170 301
255 316
111 209
493 197
493 404
459 347
306 383
160 167
235 462
224 69
224 229
233 465
137 305
320 196
79 221
60 217
435 92
265 102
107 498
50 159
107 51
84 218
288 51
290 484
418 314
493 130
173 163
440 388
60 463
431 96
102 248
219 465
482 331
443 96
392 303
94 145
198 326
259 69
328 154
221 459
389 286
469 319
268 237
294 388
73 383
411 417
320 113
300 85
53 325
195 245
213 396
238 315
447 405
285 377
401 374
222 366
439 50
315 267
291 349
271 216
438 469
457 343
141 309
50 112
471 319
182 362
82 131
113 242
62 339
497 58
192 272
355 467
140 309
135 333
436 140
121 387
147 112
230 286
395 204
87 295
482 340
368 56
137 217
342 80
430 157
416 393
489 356
236 155
182 172
302 211
277 142
240 275
451 432
357 298
189 314
227 305
184 281
265 404
475 136
271 244
374 412
307 416
66 397
63 426
141 83
288 130
376 98
313 276
224 239
85 452
206 437
210 169
164 183
232 397
261 260
237 467
209 50
181 280
85 157
452 270
323 440
336 119
118 221
276 146
355 406
236 77
189 331
140 462
85 83
57 51
498 381
171 191
335 424
419 191
306 288
140 443
181 476
445 303
96 442
347 297
125 443
291 403
344 466
313 122
388 293
326 324
196 272
354 388
288 101
268 417
248 446
294 189
347 115
419 162
242 462
405 223
462 302
76 113
245 439
167 422
473 189
489 299
390 305
181 186
124 408
421 267
247 58
82 493
288 487
273 393
327 416
270 69
379 186
498 244
466 60
386 426
196 219
274 250
90 351
292 270
311 352
92 82
263 84
263 228
337 335
421 245
369 135
484 204
195 188
63 491
467 496
112 184
256 143
395 77
377 450
86 82
418 348
67 429
245 138
201 312
294 118
317 100
125 500
358 139
104 102
159 330
486 143
354 278
491 274
346 206
356 312
404 463
175 442
72 288
236 274
259 70
326 133
493 205
234 337
188 413
457 390
425 316
216 86
421 421
225 419
254 468
131 373
147 101
492 92
279 196
435 435
414 228
127 364
171 62
256 258
219 168
263 226
114 342
67 183
329 457
365 394
74 454
248 279
73 56
468 149
55 492
286 482
165 438
56 300
179 54
344 145
460 445
312 379
188 265
462 278
397 233
483 449
239 359
457 391
224 60
196 422
111 203
169 50
317 162
215 307
359 66
272 328
410 222
435 293
97 343
405 112
270 116
180 289
177 484
365 264
355 58
210 350
105 358
173 309
352 332
139 290
402 347
113 445
189 228
54 211
227 409
156 481
317 74
110 119
476 375
257 394
113 315
388 286
398 314
105 326
321 147
462 141
284 251
427 69
200 196
456 81
293 476
441 373
465 231
353 407
224 72
114 158
486 495
174 254
239 194
72 184
265 141
232 474
363 235
116 324
225 401
496 156
311 66
108 111
431 426
51 114
391 441
297 72
392 194
349 390
319 263
320 237
407 232
150 204
449 317
298 485
440 317
116 369
130 366
179 56
385 76
335 278
225 54
194 451
197 90
379 318
368 487
111 141
424 142
336 266
264 382
476 160
317 93
202 330
357 385
393 477
188 426
320 281
285 314
252 204
217 370
236 238
482 218
262 361
344 312
157 469
311 212
129 250
381 286
354 166
490 104
156 430
153 58
432 243
407 408
257 311
120 439
269 371
91 453
138 269
289 53
211 349
82 272
431 70
173 348
480 404
221 394
358 247
55 349
186 400
487 341
304 429
443 488
191 117
369 158
465 410
193 348
303 367
389 165
375 371
489 317
403 422
289 439
233 128
456 277
292 496
408 318
448 490
402 445
90 407
319 448
461 367
109 328
185 378
55 252
191 236
165 144
468 82
261 86
61 387
479 195
284 363
80 92
65 56
413 278
230 446
99 464
284 341
230 264
257 242
170 326
208 364
493 240
399 202
403 346
489 353
233 64
176 153
109 78
358 94
150 458
316 156
368 274
318 302
207 319
94 100
147 500
135 105
391 90
264 129
432 418
283 179
288 251
203 414
173 350
108 144
151 324
439 150
491 286
323 428
462 326
321 275
211 71
269 217
161 349
120 206
217 267
126 219
322 285
99 497
399 172
270 333
430 433
195 399
278 413
149 220
444 491
426 245
299 405
434 377
389 452
85 345
414 281
255 385
370 261
69 150
96 355
418 411
322 415
350 314
352 296
244 167
103 468
146 427
342 255
339 123
114 171
367 171
227 169
188 432
359 78
439 67
89 170
409 225
335 131
178 323
431 347
185 471
131 200
273 439
355 427
374 52
280 416
241 63
243 479
460 256
377 350
434 184
470 222
228 385
302 193
141 160
314 89
145 190
199 88
456 214
459 296
73 366
345 107
450 70
393 58
173 219
74 470
59 64
475 303
214 224
122 138
248 105
266 346
318 382
417 129
459 347
81 94
339 219
70 487
497 348
393 312
122 196
145 478
357 444
312 196
161 497
443 410
75 107
283 461
375 452
227 271
432 441
499 456
454 209
120 174
129 332
114 185
466 361
374 131
108 119
114 415
425 99
110 343
323 63
474 136
245 245
241 210
74 472
311 73
382 390
122 89
209 193
182 418
262 375
329 347
269 337
293 311
59 471
422 113
291 434
84 238
451 387
108 495
400 281
372 331
115 411
177 107
350 79
130 277
474 85
162 232
278 68
194 340
152 434
237 228
492 489
276 395
148 379
343 361
336 145
108 65
222 52
86 359
66 242
278 145
287 136
67 249
253 489
361 195
177 375
124 310
449 274
67 135
487 148
271 481
414 62
239 284
321 497
398 467
434 404
231 128
80 364
133 141
377 112
254 65
199 167
467 123
247 494
245 151
447 139
67 336
421 240
347 232
327 96
405 93
115 475
163 164
297 355
453 414
58 202
374 483
433 57
144 160
478 407
166 459
69 463
338 220
425 348
408 117
252 161
118 68
342 420
53 485
159 197
281 495
370 368
380 221
437 91
330 442
72 438
498 256
476 441
433 193
448 196
439 404
212 458
490 424
112 270
316 433
302 119
452 89
250 375
88 493
284 113
269 261
288 389
304 149
198 263
75 67
340 260
399 125
218 86
279 328
258 136
425 480
466 128
97 189
69 52
430 381
360 362
441 480
261 99
322 398
305 234
470 194
306 165
368 381
337 134
286 230
414 449
428 179
202 308
372 489
231 122
444 486
137 277
77 89
382 188
300 114
299 187
252 71
112 398
455 265
107 315
310 59
291 487
248 110
435 60
322 366
205 427
250 392
182 55
194 309
67 167
165 394
125 399
289 436
96 462
164 444
457 407
324 185
259 285
70 114
305 316
108 234
151 173
321 306
469 277
294 339
220 325
478 237
454 290
87 268
222 358
132 102
118 299
187 442
170 439
265 283
293 284
250 193
240 425
360 439
453 114
253 280
258 479
164 445
79 299
301 161
58 320
274 499
478 182
421 272
262 252
417 348
295 447
246 96
370 58
119 227
89 387
372 343
247 262
151 237
306 266
280 358
423 222
343 281
194 146
194 152
107 425
236 365
309 498
395 59
466 222
301 341
88 245
295 391
400 244
346 245
374 373
80 236
250 121
164 494
186 83
372 328
404 341
120 321
213 373
488 352
108 54
177 356
444 198
221 248
496 193
134 114
60 367
238 98
288 217
94 251
322 149
