1000 50
66 477
205 50
477 312
229 411
299 250
84 78
125 445
447 274
488 437
92 350
88 352
405 414
135 225
220 106
378 114
263 159
320 144
357 413
345 109
118 137
309 83
87 491
74 259
222 122
238 105
298 301
279 287
207 326
53 217
411 141
150 198
263 367
97 102
135 143
217 148
161 397
53 348
346 393
475 71
104 56
108 433
294 114
462 443
195 327
333 201
463 310
210 203
391 81
172 338
341 215
282 53
282 324
100 304
184 260
353 258
340 332
141 94
106 438
68 67
224 419
236 469
475 343
492 82
214 405
483 68
225 177
268 387
427 267
106 197
129 438
232 379
486 210
169 75
362 215
155 303
154 484
475 435
113 265
299 344
237 233
341 125
406 324
210 414
273 195
215 186
458 338
245 376
391 247
150 356
242 97
263 192
268 353
437 459
461 146
199 351
337 480
326 151
400 225
322 245
247 383
262 461
82 292
131 124
61 263
368 198
409 154
191 333
370 109
280 80
144 209
257 223
443 65
104 151
319 178
275 417
100 154
340 147
355 342
350 332
251 420
282 229
268 103
98 258
368 288
288 394
475 241
85 156
64 232
480 192
472 496
436 458
447 296
125 105
479 73
244 51
89 158
100 467
276 311
468 166
277 195
491 180
481 53
105 129
207 201
421 343
320 154
346 89
148 469
60 123
455 466
446 140
426 265
52 457
300 316
106 175
486 122
342 97
113 279
294 394
170 327
494 85
80 233
70 392
128 382
231 211
145 55
397 142
478 73
469 302
61 105
181 240
325 263
483 117
304 243
337 147
123 164
406 179
51 278
253 463
84 349
364 300
132 292
273 152
178 76
399 248
484 268
469 317
207 458
238 323
411 91
492 162
428 241
492 338
364 248
327 478
491 444
463 70
137 165
300 145
301 486
272 226
255 453
397 483
205 72
270 361
61 223
310 419
373 232
266 102
363 466
71 380
466 341
496 181
76 372
209 270
418 359
114 61
246 169
166 242
431 363
216 137
174 419
123 269
68 84
266 471
94 486
301 482
115 327
471 54
129 262
490 296
191 248
159 417
421 202
87 209
293 199
485 379
496 69
494 196
202 98
302 417
397 275
420 178
326 352
495 448
472 309
110 220
370 427
453 238
158 271
295 299
155 298
93 380
450 370
313 51
89 467
336 212
53 453
448 380
103 84
408 432
444 81
243 350
207 152
356 360
458 160
469 272
139 174
499 196
358 452
111 244
211 491
393 215
413 299
482 88
133 200
407 446
423 169
365 298
99 486
350 129
128 414
354 424
245 410
227 361
399 419
444 130
407 149
431 184
410 115
500 376
220 170
447 461
440 63
420 390
352 189
201 450
351 297
363 165
174 103
378 392
492 132
183 356
72 476
415 368
447 349
468 495
226 466
121 413
337 294
133 362
92 94
135 358
302 357
210 83
191 275
155 235
171 212
229 212
242 440
488 296
335 407
181 168
130 99
489 288
424 408
284 257
487 180
427 250
384 296
297 438
433 328
310 201
216 57
301 369
141 142
371 230
164 372
182 213
392 401
173 359
500 231
129 116
208 462
219 96
99 116
417 410
192 396
248 327
387 416
151 192
374 340
208 303
225 255
191 175
330 253
61 192
257 255
216 388
456 234
177 265
412 270
330 327
128 185
261 282
289 230
442 62
295 404
252 441
314 135
150 153
171 54
460 251
139 319
258 283
155 217
422 163
408 317
327 205
67 433
315 390
452 362
461 404
325 331
308 469
415 427
480 400
373 277
138 379
396 288
342 101
492 407
353 477
290 186
127 148
273 320
317 418
182 81
112 411
127 302
293 456
192 293
305 63
172 122
244 336
261 370
135 164
232 354
131 226
205 342
286 319
309 424
104 127
246 159
454 269
372 228
63 120
137 398
386 205
69 133
96 272
148 165
220 387
61 199
176 265
494 82
457 209
65 376
93 106
386 132
298 345
172 333
293 431
174 279
421 109
463 120
64 77
95 175
84 207
77 483
425 206
93 320
378 387
370 263
455 71
205 251
128 175
245 448
303 387
459 334
497 397
230 145
403 486
486 218
271 259
73 345
425 320
259 461
127 218
432 278
227 357
153 452
284 441
71 332
260 326
366 429
85 292
121 157
110 392
453 188
121 58
147 387
329 71
132 465
159 392
324 280
415 275
294 130
116 319
444 422
424 140
287 316
54 353
285 282
103 437
461 356
214 65
269 196
103 254
356 425
338 392
438 178
257 193
397 421
227 178
268 268
243 446
284 108
220 160
402 220
391 124
168 222
426 341
249 179
326 330
339 498
346 113
380 201
406 67
133 204
458 369
357 369
127 398
247 406
311 256
264 455
481 484
255 431
370 400
453 482
217 283
478 344
147 60
137 290
473 496
416 59
230 136
266 213
477 338
163 198
229 336
475 82
443 326
190 440
446 144
278 275
146 126
57 170
398 168
384 149
62 471
173 214
155 128
449 194
439 287
224 85
494 179
128 256
132 494
413 264
258 274
329 410
358 165
233 452
402 309
363 126
360 53
155 350
340 439
65 183
187 486
89 257
442 88
62 398
484 92
414 180
457 288
275 286
67 439
371 228
347 323
102 382
66 489
105 383
80 301
169 172
162 415
425 400
171 66
464 371
302 207
393 369
308 308
191 146
439 135
151 274
330 305
393 493
473 294
487 345
189 361
203 99
389 297
248 139
68 398
220 394
492 391
266 62
83 130
198 355
82 301
296 155
189 243
462 167
318 178
403 282
492 475
475 299
111 149
195 83
73 309
121 112
98 227
97 271
179 450
80 334
57 222
85 315
266 269
485 432
238 228
365 355
228 397
136 144
358 422
209 321
325 282
271 299
333 470
305 255
184 234
423 231
294 360
359 209
128 80
217 102
50 481
89 391
340 440
112 322
273 102
499 431
138 461
173 376
296 211
411 163
155 399
433 420
441 379
473 458
396 191
475 117
464 62
183 266
459 70
375 166
57 463
407 229
266 314
471 85
314 471
138 320
173 414
191 248
427 459
70 285
438 483
198 455
147 372
402 217
64 481
461 300
470 249
325 157
273 389
351 462
321 278
249 247
138 128
57 272
165 465
294 191
456 192
441 261
167 442
287 390
255 241
383 162
424 251
497 54
190 76
187 208
248 436
326 471
206 493
304 138
259 394
103 133
378 75
108 360
448 455
138 299
119 288
434 73
335 185
346 152
450 97
454 464
370 255
169 163
120 134
208 453
103 422
477 142
449 96
202 120
245 102
206 214
297 471
376 322
303 341
361 170
440 469
204 367
149 93
80 154
168 414
262 191
156 253
254 431
291 91
311 416
487 241
489 291
412 326
171 295
467 416
244 57
316 354
418 303
350 235
149 262
344 307
104 376
467 460
347 146
215 130
56 460
98 280
167 278
312 269
256 384
333 284
156 334
435 421
407 54
298 232
79 104
196 67
349 104
343 210
481 373
58 212
189 313
266 357
267 146
80 249
290 273
81 64
433 239
354 314
447 432
90 483
426 360
183 105
219 402
164 61
486 91
50 125
231 93
164 468
156 483
392 408
398 264
229 341
370 437
224 153
72 423
350 216
315 344
86 65
403 266
229 339
340 167
497 51
428 397
227 122
283 177
326 443
209 162
95 109
310 317
468 354
122 385
386 423
274 141
358 242
342 206
216 211
491 443
459 363
166 276
316 91
53 350
216 173
140 83
171 263
291 227
166 395
340 160
424 270
495 476
216 468
195 411
347 384
206 298
345 347
58 235
236 128
145 224
293 137
467 382
82 400
84 258
429 210
139 126
445 127
168 110
217 327
353 59
317 203
362 128
403 324
216 431
197 108
345 285
372 414
326 150
297 421
254 100
215 207
90 412
405 477
419 119
184 494
164 460
204 372
255 57
459 264
425 346
138 56
326 455
198 420
489 67
131 473
469 443
65 61
419 69
401 265
292 459
374 379
476 151
211 203
102 358
500 214
297 448
485 430
394 319
340 97
197 94
142 408
480 221
190 371
336 268
73 366
415 133
218 111
68 468
202 319
94 263
175 427
211 293
440 305
353 394
77 249
373 379
96 347
229 265
122 261
185 369
141 63
84 226
103 322
338 180
110 415
97 229
379 430
303 199
400 72
285 134
270 222
156 108
55 422
348 443
324 385
339 484
484 149
291 393
482 445
207 358
400 129
500 494
396 66
233 127
349 488
480 291
247 233
121 303
116 444
140 231
120 140
316 73
322 143
256 380
461 251
322 120
155 158
405 169
248 241
476 66
483 135
312 129
458 414
163 138
470 126
96 223
72 131
279 71
214 497
183 403
161 414
131 313
404 346
95 262
452 428
196 60
479 188
313 429
363 108
323 99
336 427
107 403
429 329
362 86
148 395
474 321
412 150
123 178
202 96
242 383
157 198
429 428
212 392
175 248
282 287
247 190
461 341
447 269
495 302
298 106
199 352
481 293
255 223
58 411
350 111
339 436
223 333
315 438
113 165
76 471
130 373
101 158
292 476
267 54
241 472
111 373
445 192
107 246
115 437
95 369
