1000 50
260 499
294 272
279 369
370 104
237 224
167 474
316 142
387 381
204 129
94 441
167 205
171 447
95 454
415 369
500 176
121 322
90 483
231 348
349 397
363 322
156 100
266 173
380 98
419 390
60 83
60 163
350 454
497 439
345 287
165 144
387 467
256 450
212 263
75 176
263 179
403 294
211 81
151 250
133 333
319 481
296 321
436 490
281 394
461 356
199 318
430 113
304 83
180 291
246 494
236 87
196 296
211 449
103 444
230 420
166 156
106 54
60 352
386 219
256 65
90 56
328 165
364 170
205 395
252 476
179 327
372 120
198 250
139 128
404 331
57 281
178 314
102 379
307 272
375 327
93 473
169 248
484 59
478 387
84 488
311 474
408 176
218 404
277 229
122 239
371 223
440 363
332 122
498 208
426 203
218 267
400 397
408 87
453 115
315 277
416 407
282 331
425 360
255 67
387 220
334 272
454 333
70 320
87 200
149 260
426 357
309 129
112 374
86 122
101 229
457 79
115 157
132 121
58 254
404 297
389 50
217 373
445 440
453 312
67 405
223 141
304 453
475 51
70 462
460 91
482 424
120 239
173 369
273 480
167 436
455 88
263 159
490 336
116 345
202 199
212 369
464 381
172 380
291 366
275 163
450 472
457 120
290 282
183 161
254 442
161 278
311 308
500 148
334 395
59 248
72 223
161 440
472 473
315 431
453 103
77 312
103 375
150 278
73 364
192 454
220 250
152 232
66 227
433 77
78 63
257 174
231 202
189 383
286 184
190 137
53 233
376 113
322 380
287 445
414 273
83 201
409 412
476 325
90 411
368 277
305 474
179 139
147 391
131 423
390 369
120 450
237 206
90 421
181 384
199 422
198 457
128 275
255 195
407 424
372 107
450 370
74 127
112 293
67 390
246 478
462 191
137 52
371 344
413 434
277 468
494 186
486 177
104 212
491 347
117 277
104 360
401 217
286 166
198 372
399 204
376 73
467 73
212 96
90 369
50 269
86 281
276 279
320 187
398 429
388 399
54 498
363 284
275 381
205 315
307 73
281 405
276 321
341 271
448 52
236 490
480 418
474 333
219 183
233 125
52 138
160 406
323 220
484 95
414 373
400 371
310 51
383 171
406 109
353 215
359 419
327 167
409 284
413 257
234 346
60 238
342 465
432 122
418 439
366 320
381 440
467 57
263 363
53 405
240 317
303 378
344 306
155 73
216 404
66 368
217 236
118 370
341 421
357 393
114 244
390 358
392 311
287 202
352 108
479 254
154 371
297 487
139 311
376 233
364 144
334 53
114 366
205 66
191 243
88 223
255 410
248 406
195 342
183 438
457 249
243 247
470 80
309 412
282 228
291 246
327 348
385 329
393 256
475 272
351 383
276 321
79 418
217 491
313 307
182 331
331 458
384 320
358 408
320 124
174 306
381 420
386 177
113 202
168 465
260 173
212 143
241 433
277 323
128 218
165 75
321 216
260 166
469 344
151 135
438 401
477 493
309 103
54 387
316 426
184 239
270 112
474 144
240 135
147 375
279 239
395 189
149 487
352 169
64 393
245 94
480 315
469 170
402 153
419 111
474 235
261 97
157 252
293 134
465 230
165 225
285 236
253 80
403 280
102 475
179 433
140 475
217 387
325 230
370 498
129 226
457 376
450 356
125 470
121 164
378 243
459 403
189 372
306 107
304 342
56 346
334 164
362 86
316 191
123 411
59 193
282 136
419 206
336 250
155 177
400 152
388 134
78 88
385 301
482 261
380 338
355 360
62 484
65 326
252 141
438 338
260 365
341 303
487 350
287 480
350 120
473 169
500 134
466 175
337 122
429 105
285 58
189 418
78 356
207 282
367 459
183 395
382 175
110 332
209 449
370 253
347 435
331 419
432 277
241 337
467 364
281 190
323 259
172 150
213 57
95 99
282 459
224 436
134 479
245 333
381 410
294 72
161 236
377 314
484 397
250 202
209 92
444 179
180 175
294 180
253 186
442 278
321 473
298 482
163 345
89 430
123 180
208 270
168 160
221 395
382 170
228 159
411 467
361 340
316 483
326 442
167 414
124 205
206 412
457 348
382 255
329 230
77 206
345 393
176 275
381 428
358 476
450 351
149 190
461 380
338 237
352 60
365 267
265 136
413 247
495 101
431 50
373 404
491 323
375 461
412 121
371 406
254 413
311 462
240 366
168 300
311 424
367 137
253 119
323 382
88 287
384 480
59 70
433 128
488 330
475 484
217 66
266 342
139 421
499 153
313 293
102 109
344 344
247 328
475 296
146 178
252 165
417 213
190 409
179 60
244 76
396 119
115 409
425 402
323 146
351 321
426 253
384 75
228 454
175 458
478 334
321 298
272 338
494 52
103 224
159 251
70 499
449 102
328 407
291 255
344 271
90 94
177 171
314 60
187 158
152 124
186 314
401 148
207 121
465 259
458 321
272 489
62 343
74 430
370 169
340 55
219 232
434 491
167 492
477 183
144 161
167 57
470 230
343 133
229 214
263 427
457 383
193 146
158 114
238 169
458 327
476 60
433 181
103 172
355 194
442 352
399 217
175 309
336 366
252 420
192 84
316 98
82 425
176 319
127 468
118 317
315 245
401 77
414 208
362 426
59 316
369 169
427 252
77 79
420 470
329 328
383 213
215 415
106 346
476 422
103 385
355 398
426 337
219 466
275 419
453 361
353 147
136 412
390 415
302 400
289 136
245 199
416 309
214 105
318 435
306 246
500 127
403 416
420 307
110 419
399 397
399 137
109 446
402 447
155 125
460 102
462 282
244 256
347 107
416 220
296 361
286 167
57 159
175 138
391 373
422 217
107 499
310 189
124 59
490 303
179 488
160 172
333 54
356 247
299 232
351 461
77 103
425 266
288 301
54 476
152 406
248 237
184 483
80 425
476 313
254 392
497 483
181 100
226 334
134 363
186 174
171 191
491 103
73 204
257 361
170 152
101 171
271 106
464 463
100 339
249 258
490 262
231 261
225 245
360 291
347 300
125 107
139 253
303 275
178 482
65 351
80 128
464 419
308 403
297 324
239 154
487 283
150 216
186 414
104 175
335 239
222 117
408 361
372 143
264 100
201 365
420 270
152 479
165 252
437 231
303 486
351 84
463 368
113 105
384 315
447 486
342 237
484 476
476 73
486 209
253 298
258 265
149 494
162 376
183 168
471 390
473 308
455 292
482 223
333 267
475 437
209 405
64 219
396 388
135 96
420 259
96 476
387 210
212 157
270 150
124 184
148 53
437 470
207 163
450 114
136 251
363 408
226 186
457 291
409 464
146 155
411 116
235 300
178 94
169 172
255 325
166 495
335 420
167 80
117 92
252 348
242 63
309 375
473 436
379 499
481 368
217 413
283 210
197 159
444 59
255 62
278 382
319 435
224 311
182 386
117 355
141 130
235 404
69 199
496 274
219 483
419 189
72 292
307 378
338 351
448 429
389 121
186 490
360 434
125 461
271 157
463 288
447 233
223 59
441 282
273 105
400 385
449 362
201 485
411 242
310 497
283 279
199 319
113 182
156 460
376 140
358 193
304 155
452 264
445 66
357 234
393 85
72 484
368 185
336 228
107 267
282 103
347 262
345 304
351 131
155 83
231 442
370 170
168 338
247 244
326 141
294 402
65 308
424 135
139 487
401 218
305 145
149 77
281 136
372 130
405 401
121 479
315 190
207 271
453 200
414 271
429 125
203 356
455 266
289 64
199 432
343 339
100 315
96 87
202 92
258 252
217 301
449 129
58 394
246 367
268 66
330 345
329 459
328 198
489 379
474 354
136 307
385 99
330 263
55 416
302 420
330 346
175 83
72 206
361 268
274 418
158 454
231 119
111 64
256 148
110 423
292 343
158 411
198 414
190 358
237 269
414 243
302 474
100 445
102 209
212 378
261 77
341 239
398 68
129 83
497 166
364 395
418 363
410 162
222 450
159 314
454 59
397 148
268 421
264 410
53 101
72 72
244 426
312 66
200 166
167 115
388 123
80 472
69 370
482 331
395 324
246 453
168 103
357 417
333 195
435 119
435 497
232 450
329 398
479 60
422 371
384 108
401 72
290 270
135 159
167 226
489 441
60 77
437 301
363 354
177 222
315 240
344 445
470 231
458 424
454 360
102 346
164 480
313 482
209 133
187 251
185 83
234 401
95 174
338 287
204 104
250 329
152 127
285 132
435 247
94 285
338 141
215 304
263 297
187 462
216 102
439 203
76 237
324 381
375 95
382 472
248 427
95 337
153 177
276 454
98 452
353 365
298 225
345 171
153 141
367 298
379 356
278 404
491 118
490 168
154 51
285 192
237 116
392 291
379 395
151 125
86 63
56 120
141 422
134 452
409 76
234 150
351 210
230 127
93 191
64 492
57 433
116 159
435 295
258 271
258 69
306 205
89 430
56 188
70 83
68 430
75 167
107 59
400 209
278 113
90 390
470 467
212 329
63 270
67 226
60 265
99 295
465 210
53 141
82 118
392 90
452 151
320 198
171 176
365 194
289 450
325 485
314 484
