1000 50
203 444
381 424
248 355
91 415
142 230
98 475
398 164
484 64
387 124
86 173
205 182
216 298
211 193
493 240
460 291
399 412
446 250
439 448
214 86
243 283
60 242
428 482
178 480
77 476
330 56
399 392
391 301
487 321
194 170
159 106
205 486
493 378
467 136
464 427
462 114
235 451
174 451
178 131
257 416
320 95
281 234
118 383
418 186
114 309
54 356
303 244
54 371
184 461
202 359
371 274
446 103
442 85
371 64
497 377
173 363
395 294
92 116
485 181
308 149
487 105
478 306
372 471
350 250
212 374
105 468
335 108
363 283
272 109
430 359
210 155
137 136
367 253
212 364
266 125
197 157
475 283
116 499
263 404
109 346
198 179
132 140
277 161
113 129
62 356
401 476
85 468
348 60
95 368
114 339
374 498
56 410
414 268
419 271
53 252
422 237
404 164
266 344
262 187
430 230
411 295
287 376
407 310
230 78
130 406
323 160
132 106
226 295
239 123
255 67
142 74
242 262
111 268
296 480
68 469
265 153
270 210
446 498
110 267
233 368
415 110
392 367
412 451
50 51
62 116
301 436
496 496
245 300
338 84
426 240
439 381
473 83
145 158
88 488
394 324
51 137
169 447
372 409
262 221
132 166
98 136
393 369
479 322
270 237
378 72
386 109
163 98
252 410
478 376
499 411
244 466
451 440
408 93
171 352
93 470
71 131
492 204
462 274
76 496
247 141
377 354
323 338
290 72
245 475
349 91
498 205
289 194
438 86
307 138
126 234
198 180
454 388
238 97
271 100
454 222
197 452
129 336
258 117
171 352
232 134
152 196
320 476
147 78
187 426
145 234
349 450
491 480
189 91
215 253
84 174
500 246
119 85
325 414
126 329
404 478
75 52
213 148
193 393
89 293
237 97
399 364
338 161
405 281
363 144
357 249
259 318
496 172
446 485
94 139
223 341
121 85
459 330
245 454
260 223
416 437
437 123
386 272
194 295
293 355
339 77
290 292
84 446
147 435
354 266
227 205
179 297
213 172
154 300
279 77
437 371
59 183
119 487
450 293
181 210
488 466
299 77
161 428
495 233
89 414
175 135
209 210
121 435
236 275
114 496
150 57
295 143
70 198
353 74
425 91
96 298
139 240
443 194
414 340
317 336
375 185
74 93
98 98
90 336
266 464
414 124
497 451
247 124
310 318
327 437
181 491
168 272
314 318
171 184
472 429
488 225
197 81
247 169
467 148
199 199
366 407
154 399
310 73
171 146
340 441
213 285
70 66
386 340
194 442
142 306
66 153
58 354
359 76
182 207
278 470
77 304
485 243
278 270
407 231
156 484
176 305
73 102
222 447
439 320
441 308
272 338
74 238
150 82
442 369
449 458
97 500
65 195
407 334
300 255
348 234
184 374
278 134
86 340
222 102
116 124
184 148
96 427
299 86
101 436
274 61
66 367
386 262
478 474
379 497
174 440
259 419
144 288
375 189
486 215
279 204
465 170
469 109
320 266
458 426
68 461
445 106
56 475
87 459
355 388
102 127
191 263
258 260
384 106
165 103
430 467
60 281
67 498
323 465
422 478
82 300
342 269
205 374
427 358
126 166
463 488
75 471
287 365
318 214
390 281
280 161
400 66
486 425
315 79
447 447
297 232
399 471
456 398
298 447
195 492
120 121
480 460
134 475
424 66
400 406
191 397
454 279
440 57
242 124
348 90
242 318
244 211
303 233
202 410
257 288
189 245
243 413
238 450
423 174
230 203
85 450
76 261
462 473
392 484
464 242
169 75
455 114
367 248
265 86
120 405
365 462
459 94
489 114
164 100
477 312
55 187
125 190
253 170
441 61
307 79
102 318
479 214
430 286
274 75
291 175
153 344
480 414
79 482
188 446
254 121
135 103
380 75
175 137
194 403
88 210
344 83
160 453
381 332
412 295
188 193
383 424
359 298
65 426
314 442
181 148
218 88
453 376
299 109
94 162
448 257
254 121
59 315
444 419
326 483
386 168
201 302
145 360
146 61
234 52
270 267
261 296
133 294
339 492
173 292
91 121
284 254
112 215
70 351
314 419
110 253
60 392
393 295
188 125
143 480
265 474
157 176
130 139
159 263
199 342
71 189
241 86
188 324
85 294
180 314
231 71
75 358
389 193
324 64
359 417
354 371
451 237
131 467
56 436
467 163
85 96
379 386
158 206
320 393
332 50
266 330
338 463
322 150
139 108
79 284
151 123
386 475
238 435
219 360
335 60
434 334
138 51
385 339
322 156
430 197
456 416
200 86
81 345
286 416
374 163
105 359
86 137
58 329
488 63
332 146
221 485
297 120
266 277
94 215
115 425
97 68
119 360
157 321
256 213
434 350
264 273
449 54
257 320
192 81
265 143
267 241
498 405
229 326
326 208
331 225
124 451
133 151
370 127
415 73
85 85
208 393
429 231
252 288
229 267
337 442
323 253
380 94
481 342
402 197
482 110
462 328
205 339
207 249
281 257
399 365
354 129
326 106
433 152
445 498
492 193
205 254
276 410
99 443
171 80
316 290
92 388
391 447
104 268
254 346
165 386
143 236
118 139
120 54
465 358
233 277
91 272
384 329
277 233
381 192
190 133
349 127
258 124
247 67
438 362
285 499
280 482
258 267
392 459
367 165
425 430
317 453
161 167
142 308
159 242
361 223
371 237
145 433
374 211
184 279
406 279
85 154
389 265
234 80
339 305
270 421
243 463
182 224
240 422
58 494
472 252
431 224
370 287
137 73
90 116
259 210
432 273
439 440
119 264
145 182
176 492
338 315
253 95
171 171
459 150
153 176
123 216
344 486
421 489
220 371
311 280
264 189
84 247
257 332
370 403
498 194
475 408
252 308
262 83
451 432
224 308
415 420
119 131
361 449
176 366
336 392
257 201
215 397
144 231
251 203
484 204
58 303
297 56
241 106
313 66
360 284
112 365
430 168
92 305
418 407
127 403
133 113
400 496
356 210
192 474
380 235
455 404
89 252
96 166
121 285
385 178
120 135
290 488
420 73
261 427
219 278
265 128
192 226
323 237
214 271
332 321
318 421
85 429
165 187
100 476
305 391
88 290
161 262
193 457
112 472
357 378
224 142
306 77
384 484
291 206
468 269
429 255
340 399
294 285
472 264
365 281
124 373
231 65
475 92
244 288
208 313
390 298
338 91
276 280
454 461
338 103
317 108
374 487
484 57
129 136
378 361
375 301
431 419
117 93
86 482
296 53
377 206
336 474
193 63
168 90
481 230
397 67
264 215
324 286
81 337
202 309
234 422
64 218
251 117
182 388
61 180
487 238
250 51
64 478
436 258
289 324
85 54
397 101
347 266
379 131
248 415
368 273
104 427
479 52
120 500
380 296
422 348
323 210
363 115
111 288
184 145
411 290
437 313
212 106
338 456
253 436
300 92
311 408
419 59
113 74
430 89
302 445
309 482
75 366
131 216
229 441
115 485
327 174
50 270
459 439
418 180
465 108
122 309
214 59
493 301
440 59
206 289
251 196
268 474
157 220
396 236
397 196
438 336
180 216
302 417
159 187
410 118
205 500
424 127
251 311
432 377
76 285
466 449
207 488
497 309
318 218
225 468
125 408
100 57
352 262
465 121
150 458
145 393
282 50
259 55
499 253
388 286
264 285
355 324
426 220
68 188
372 260
475 201
117 416
166 107
211 85
107 186
143 203
342 463
344 179
136 140
401 234
77 179
403 117
450 101
409 425
335 447
89 160
82 344
433 229
251 138
355 377
267 153
91 173
65 337
466 372
375 228
313 380
378 365
97 210
411 496
276 238
228 500
180 416
260 206
119 278
298 158
389 118
387 167
323 224
368 196
246 500
451 97
265 495
255 334
271 398
479 253
57 389
51 101
102 264
481 193
170 439
108 497
113 69
382 465
225 167
282 104
440 265
303 360
169 368
177 154
144 145
457 395
262 175
319 184
499 110
110 371
420 162
394 92
306 105
367 411
494 359
442 112
69 63
270 90
340 456
78 59
134 245
230 136
476 389
74 423
133 359
418 150
280 158
414 409
347 59
179 211
110 479
172 420
98 330
398 169
143 50
429 336
231 408
143 192
168 131
363 411
199 98
61 367
225 267
87 86
227 118
404 50
142 378
103 418
164 120
413 452
233 158
259 289
169 299
397 189
428 269
370 478
422 386
200 232
476 433
129 280
487 99
203 332
196 360
458 406
228 314
452 53
131 217
225 176
447 157
83 263
439 190
307 486
231 126
483 136
169 63
350 311
472 473
340 172
454 460
362 429
170 78
338 202
496 338
360 472
330 305
161 283
172 472
163 189
135 75
370 169
97 243
468 350
210 192
472 297
161 232
196 454
444 136
422 124
358 52
56 187
249 395
107 288
194 296
422 175
320 50
104 326
56 66
210 65
404 54
377 490
396 489
123 89
397 296
168 399
78 323
180 308
171 125
338 324
371 406
147 329
101 451
427 221
80 150
133 280
268 231
62 336
477 92
89 442
202 199
148 279
304 271
339 465
369 281
