1000 50
354 68
65 423
341 319
318 253
319 231
279 303
399 303
182 378
65 101
439 341
474 256
172 119
350 279
148 415
105 416
253 186
430 130
392 408
406 398
456 407
255 103
254 249
472 454
348 91
211 81
105 108
100 381
163 318
350 282
348 302
410 168
338 162
322 497
468 190
460 434
111 205
141 398
277 245
373 354
156 385
144 238
498 116
134 413
390 167
200 141
282 326
285 158
407 140
425 465
379 318
245 437
414 103
427 107
442 183
299 432
190 333
77 359
282 233
148 184
253 285
345 453
446 205
111 398
346 197
105 439
490 343
65 479
457 472
419 472
330 107
334 462
213 81
138 103
373 390
292 280
209 128
377 282
174 128
280 467
227 424
108 330
338 236
268 350
311 91
364 351
479 134
240 144
437 151
374 189
297 106
479 94
118 353
74 411
402 218
368 304
315 376
283 126
497 310
475 227
93 170
51 422
311 457
182 462
315 72
235 216
249 372
55 493
199 449
447 277
180 64
74 213
259 413
420 134
156 101
85 480
215 422
397 138
285 227
229 198
406 371
423 232
125 148
78 428
228 87
441 102
90 496
414 227
469 312
411 154
264 225
76 442
461 470
246 488
369 492
486 94
446 397
418 235
79 161
97 387
296 220
480 59
355 351
178 98
443 86
324 436
490 90
161 306
345 430
331 151
216 128
329 230
105 189
452 469
403 200
68 446
361 426
429 422
286 454
356 398
182 385
464 444
238 391
182 210
112 160
388 500
337 450
495 492
211 170
456 255
114 115
392 330
79 412
145 80
249 452
202 197
380 154
468 325
185 493
257 300
176 102
81 134
253 420
83 377
255 313
253 387
353 239
434 386
341 331
183 313
402 417
385 89
370 461
380 352
296 219
324 138
83 473
97 203
266 496
440 362
87 58
279 255
282 414
241 446
265 324
106 134
334 369
267 175
185 66
134 229
500 456
139 272
131 101
367 61
407 321
267 355
195 239
344 344
487 66
385 386
300 312
146 301
218 384
472 219
136 241
271 499
437 224
94 426
150 479
100 125
433 268
228 136
459 126
379 99
146 365
235 146
357 240
112 307
248 490
388 275
307 165
203 370
109 101
209 268
450 167
100 68
268 242
104 375
288 322
54 239
405 458
219 118
271 186
285 313
158 352
249 221
125 246
472 73
64 156
274 67
182 450
83 450
280 163
309 292
416 364
347 142
442 337
122 426
259 80
52 484
247 162
93 468
183 249
72 133
177 257
315 76
117 53
467 317
331 401
165 239
71 237
468 449
397 388
313 220
295 250
238 247
153 346
366 436
460 129
394 467
407 272
99 184
175 277
223 486
343 78
393 498
445 108
85 99
125 419
379 122
65 449
127 197
428 360
288 414
70 331
409 105
193 455
315 138
139 413
336 378
50 63
326 281
322 210
93 86
215 357
435 241
291 358
250 177
366 350
409 298
87 224
136 482
256 173
218 321
112 94
140 409
241 289
287 56
403 189
90 221
213 340
335 242
73 482
374 385
222 99
121 108
197 150
212 335
96 128
415 433
97 345
300 226
480 378
167 234
229 120
69 208
464 229
137 418
404 291
179 256
149 439
170 80
166 353
190 390
473 295
125 271
350 160
104 349
271 79
408 289
428 450
391 344
354 74
76 177
248 384
466 476
72 444
287 224
411 219
235 100
98 295
217 249
417 83
83 401
289 129
311 470
400 300
377 302
175 263
416 110
296 245
131 450
145 413
209 422
251 332
143 371
498 309
357 425
383 367
429 221
280 464
180 130
417 480
422 238
377 173
198 352
155 305
374 156
81 202
460 190
289 185
461 338
52 230
123 397
212 440
436 467
250 197
135 192
193 126
183 51
332 388
482 487
144 82
461 217
419 336
138 406
374 61
121 165
141 199
381 168
191 179
211 301
194 283
230 145
226 409
329 376
256 219
128 268
195 304
214 110
293 227
96 52
69 393
319 210
464 115
170 397
329 311
56 348
276 68
208 347
387 476
100 76
207 286
429 453
391 378
302 309
321 116
168 220
93 399
64 185
162 324
260 284
94 397
477 122
128 445
133 318
278 286
332 294
329 209
258 152
430 59
428 454
240 86
298 430
454 342
181 395
293 110
164 436
401 70
315 304
395 243
220 87
361 321
66 414
303 69
240 364
79 377
399 51
122 338
188 122
219 479
459 482
440 236
126 446
292 293
166 247
56 120
71 279
362 115
55 477
289 352
69 215
100 491
228 426
483 248
496 446
52 318
371 228
184 363
494 357
441 73
325 367
485 323
180 448
321 220
479 354
177 301
319 466
460 187
322 494
330 173
132 275
373 320
146 320
282 350
107 425
217 136
470 228
186 72
175 87
311 334
290 50
142 379
216 156
141 263
220 210
482 63
324 83
100 67
333 161
304 178
229 122
344 465
303 230
185 193
118 96
274 427
217 187
356 316
276 283
244 378
320 484
141 398
327 213
171 108
406 461
174 494
183 371
52 353
313 311
417 92
449 407
206 323
123 266
205 384
233 395
60 441
106 363
112 254
455 451
57 93
228 444
219 180
262 199
388 431
290 313
136 284
458 456
441 257
86 64
188 467
209 242
230 341
336 183
251 96
83 346
477 258
483 129
304 296
462 70
316 483
142 269
145 185
284 262
469 328
168 459
372 308
133 229
297 245
168 77
158 172
213 438
470 492
176 426
129 55
350 160
229 189
450 273
57 376
233 300
429 52
84 297
257 435
435 498
384 465
476 500
77 415
341 488
316 338
418 372
143 277
276 280
455 483
212 275
235 242
148 182
224 92
159 142
276 72
172 436
423 108
319 473
355 360
342 334
487 438
169 274
343 334
230 267
74 123
202 154
165 413
181 281
197 382
198 314
66 60
307 456
172 315
476 277
91 110
344 458
398 475
485 462
495 448
496 165
119 278
378 92
112 249
496 325
211 265
294 52
379 340
329 371
423 188
141 349
413 102
453 115
177 132
313 216
446 350
73 187
386 142
242 342
470 345
134 70
336 473
91 186
421 424
161 303
490 103
379 454
181 126
385 323
123 251
499 245
297 419
493 485
127 380
291 462
262 59
454 488
398 265
487 120
243 91
481 357
357 406
323 402
112 388
191 51
212 84
121 218
461 492
500 307
165 250
207 312
495 98
338 59
434 244
226 313
277 451
168 462
343 414
379 348
375 370
131 260
494 262
322 71
380 111
425 353
160 51
288 385
180 458
434 469
167 172
427 155
473 493
251 320
69 350
352 171
127 390
329 159
296 391
173 222
187 205
257 288
479 82
217 140
127 203
402 354
293 168
361 472
478 66
486 57
168 295
345 132
185 118
160 60
179 228
137 496
269 97
313 117
151 55
200 235
376 198
356 132
399 488
444 486
297 50
395 338
180 382
273 332
324 216
500 90
488 458
153 371
393 157
106 425
325 467
112 185
281 362
102 193
301 258
78 298
350 460
240 427
79 322
393 194
357 105
126 386
51 369
208 479
357 222
146 327
81 247
340 489
58 386
445 63
52 174
236 163
429 411
285 293
51 194
103 87
338 148
70 410
85 193
309 246
180 324
456 416
377 66
304 427
478 136
392 344
274 142
294 127
110 271
455 465
477 268
370 364
330 118
278 173
399 386
75 86
60 308
317 306
190 311
390 473
66 53
300 250
256 314
408 320
157 342
422 473
336 303
160 141
440 113
175 431
368 88
406 109
128 85
324 368
404 201
450 228
327 460
191 382
333 310
213 365
71 97
234 430
304 224
382 96
469 273
159 420
401 114
360 349
475 245
69 203
460 435
379 137
185 271
241 164
263 319
267 349
199 104
236 388
394 453
452 126
344 221
446 413
80 73
199 496
407 381
203 108
430 460
58 300
349 428
245 157
182 164
462 317
308 392
284 61
95 408
375 210
166 83
373 73
172 294
480 405
128 418
154 275
271 175
477 385
169 339
399 180
367 86
303 360
91 386
254 167
355 283
329 308
441 312
267 384
111 333
134 438
274 88
64 267
143 398
166 409
328 304
414 409
369 214
365 478
133 318
277 211
495 399
193 284
374 232
149 174
190 489
185 336
372 248
478 128
466 464
294 96
103 66
64 68
104 366
346 315
145 165
123 409
333 357
271 440
175 175
355 158
367 53
172 216
373 165
350 298
127 93
295 102
87 105
292 403
206 338
421 344
490 186
290 274
447 487
386 386
113 191
116 228
243 372
359 55
409 490
328 328
415 489
488 169
178 207
281 61
68 84
153 422
414 500
378 298
236 357
117 347
184 228
451 340
359 417
444 345
479 74
323 234
186 340
466 262
364 463
136 476
385 462
341 67
211 98
439 386
442 373
316 444
127 475
293 233
259 218
322 89
411 185
366 131
190 156
441 468
52 436
111 488
110 125
219 316
172 447
286 466
157 77
132 470
309 216
381 485
357 86
130 418
141 456
176 359
313 422
193 288
476 471
373 56
175 191
333 79
441 446
298 277
305 264
475 417
102 63
256 285
147 348
494 259
446 242
401 234
158 172
56 252
494 211
495 93
464 264
