1000 50
223 395
307 310
488 352
435 121
344 51
308 174
481 94
176 63
231 378
105 143
405 197
381 340
476 224
139 145
199 298
400 231
485 422
159 98
85 94
85 343
406 85
248 111
182 428
400 337
436 242
248 141
474 101
463 189
438 385
215 113
169 183
486 64
440 461
132 82
451 210
185 164
196 333
56 176
114 255
160 470
260 333
490 144
252 196
407 135
343 264
294 166
241 186
374 447
238 485
248 121
420 280
413 206
403 64
178 106
447 124
361 448
298 408
414 392
373 455
215 196
283 432
246 199
365 136
268 85
470 444
457 242
252 482
253 329
378 393
392 339
355 129
345 182
287 105
51 493
299 74
467 448
91 371
337 246
217 415
168 466
182 392
449 219
368 177
292 496
266 150
401 195
85 362
61 290
390 245
151 158
224 322
328 377
310 424
174 292
92 249
432 243
54 161
217 189
473 79
173 425
418 480
274 110
370 251
144 68
198 84
404 249
375 291
71 455
377 63
246 273
380 184
209 261
407 369
442 313
250 344
252 257
323 470
224 252
115 490
326 373
179 429
100 116
82 52
496 91
57 334
473 441
462 266
417 465
147 126
118 418
341 447
213 90
314 112
445 154
439 495
108 302
124 317
459 92
112 141
181 290
314 182
344 243
387 148
414 194
439 71
74 98
208 380
440 324
69 421
146 354
104 461
50 196
485 484
243 62
100 222
66 105
418 58
369 109
433 196
195 283
390 241
162 171
332 228
465 144
290 98
215 443
161 273
159 401
52 397
157 189
366 447
472 190
307 71
410 269
259 251
316 468
293 392
251 436
180 483
162 247
201 209
223 302
435 308
70 331
207 146
95 344
310 305
381 267
262 331
393 309
282 89
127 420
324 240
130 490
339 206
352 104
209 442
117 232
107 64
467 428
234 453
131 464
99 53
350 362
51 248
89 92
157 491
321 418
390 319
115 456
244 331
413 298
467 201
466 468
77 486
369 290
270 325
149 464
125 496
188 420
64 104
496 263
141 250
115 364
70 83
96 108
357 367
229 146
60 301
165 444
290 107
130 256
291 361
279 124
412 71
245 463
318 363
287 258
430 362
102 86
173 433
379 204
273 296
161 179
88 233
281 379
288 298
456 326
449 404
463 187
438 287
388 307
354 361
314 439
339 231
341 498
206 90
237 203
471 456
221 102
306 433
250 124
326 293
352 466
414 451
398 276
446 386
80 63
357 124
284 367
129 312
358 117
231 165
367 112
55 170
469 492
116 406
343 316
191 375
456 73
406 367
112 270
249 98
201 400
169 373
434 232
490 260
304 379
498 366
181 487
433 403
234 105
465 431
207 79
441 187
251 443
103 390
183 200
399 79
476 322
234 196
496 314
346 489
210 178
305 306
483 352
287 411
156 386
271 307
198 437
239 120
211 444
384 113
293 369
85 306
197 242
211 331
482 205
434 417
209 229
235 81
267 345
251 459
298 60
417 123
371 263
406 92
455 460
211 209
250 338
68 107
417 197
335 103
342 103
182 487
229 109
197 101
174 169
317 162
328 257
183 162
393 155
481 393
392 385
216 459
365 271
56 297
415 433
225 62
81 149
120 51
372 148
250 351
270 187
320 414
111 428
221 362
93 412
156 226
359 129
234 432
402 72
332 409
402 418
274 470
112 189
172 406
320 428
373 87
418 175
65 270
489 72
70 487
322 202
364 334
150 330
429 418
431 405
235 410
437 324
230 167
154 173
321 333
364 102
246 190
303 385
453 291
390 330
495 487
217 140
291 407
291 379
157 413
208 424
305 271
157 390
229 381
467 139
389 391
248 366
169 392
266 91
367 313
344 218
58 118
451 433
297 136
275 380
460 431
461 170
181 151
234 191
187 363
254 495
317 95
437 76
145 52
75 337
52 451
323 419
89 394
438 315
295 288
413 136
494 54
319 263
97 76
329 87
356 291
358 209
397 416
221 215
484 494
195 123
251 254
90 235
274 390
329 238
483 197
264 444
319 141
173 408
163 213
194 433
291 100
465 386
101 57
259 355
479 214
184 489
215 356
120 428
469 360
107 257
81 119
108 83
199 237
87 396
132 152
352 367
174 359
365 407
316 462
482 482
178 254
70 186
81 158
65 110
54 245
211 51
416 165
121 485
256 498
301 158
101 203
388 237
85 342
116 234
242 336
98 326
395 334
152 329
289 495
483 471
300 431
368 495
119 254
482 373
167 83
462 93
69 60
304 495
51 86
150 399
130 391
97 494
372 404
438 266
264 221
398 215
443 427
75 297
450 53
199 108
186 343
145 205
141 189
79 314
289 93
264 56
175 84
253 107
241 135
310 157
232 323
210 399
403 492
422 407
442 158
419 297
461 107
451 94
448 147
376 362
112 309
418 80
370 115
475 466
448 72
274 401
210 343
301 242
272 320
216 223
413 146
297 68
339 228
183 219
395 216
153 86
102 50
206 426
471 186
420 381
427 240
65 80
164 389
422 364
111 271
468 123
101 104
143 79
481 421
263 495
304 377
57 352
499 96
147 307
274 352
288 309
98 489
247 164
500 448
166 105
92 405
261 104
371 474
482 231
395 451
366 362
396 338
353 173
308 121
419 434
252 282
78 194
122 76
300 208
211 271
171 81
134 424
320 475
261 223
388 464
353 201
456 184
78 150
357 480
371 306
125 318
413 232
217 190
366 245
192 139
254 493
188 146
255 178
132 346
205 385
304 396
417 359
450 234
484 367
115 335
329 194
83 448
303 225
404 239
149 448
186 328
409 298
417 180
447 485
342 83
281 250
470 200
426 247
418 472
293 278
171 322
318 166
165 415
61 214
53 122
99 492
101 466
230 440
65 335
157 472
230 356
304 133
201 461
272 176
157 152
120 393
399 388
401 248
207 173
347 335
71 407
121 333
265 293
170 74
283 403
155 432
351 88
218 478
56 335
88 52
392 369
151 385
147 328
494 373
200 317
345 227
453 232
261 316
187 250
352 59
225 220
176 419
406 231
327 191
470 196
225 113
59 414
206 303
477 102
244 206
253 390
475 358
490 274
366 217
64 308
491 384
217 80
457 82
345 103
117 334
253 190
111 237
56 101
201 149
227 157
336 354
336 162
310 345
219 469
86 476
229 64
352 159
189 418
321 328
253 348
454 499
174 181
168 308
415 432
269 489
426 429
470 378
94 119
454 198
209 146
349 434
205 168
83 365
460 422
146 164
368 54
60 208
442 101
190 475
218 93
136 297
485 178
413 236
289 132
134 449
351 439
104 324
439 297
420 54
399 123
217 442
265 467
488 138
261 181
462 211
393 390
271 354
225 119
150 347
162 310
343 450
131 238
288 409
75 77
487 244
212 295
299 482
60 72
377 106
101 311
92 387
71 410
499 55
417 426
111 334
376 143
323 210
406 215
183 90
281 369
411 427
286 248
92 273
294 147
81 412
92 352
322 153
299 150
417 382
200 379
308 488
468 389
305 114
168 442
145 165
342 422
278 399
393 184
207 208
362 258
146 210
387 459
159 352
448 458
276 235
203 385
155 59
192 95
109 288
395 484
452 435
142 387
134 316
395 190
383 385
291 405
302 102
256 409
336 257
384 256
234 156
284 468
221 321
243 422
192 395
235 184
423 222
187 144
254 130
149 131
408 194
441 236
427 78
490 309
264 466
474 350
180 342
281 145
284 500
258 148
282 265
462 372
363 334
485 467
446 154
138 344
346 82
76 206
400 187
167 185
153 223
398 342
96 378
110 444
159 316
302 348
84 71
452 166
241 161
182 375
362 124
372 248
333 156
143 108
435 478
179 117
52 210
86 377
165 344
289 68
398 84
341 102
332 220
407 209
172 204
258 485
235 73
286 380
493 357
241 432
362 351
454 317
406 135
316 196
76 129
89 480
56 290
155 394
149 260
405 370
151 374
401 317
86 499
207 165
261 240
339 121
132 437
437 259
229 127
205 404
185 478
496 466
301 87
230 106
374 58
226 410
302 481
322 354
417 55
371 283
340 432
328 244
82 346
327 304
351 150
88 102
483 323
199 479
486 320
142 338
172 152
183 70
208 118
86 172
124 360
466 278
260 291
283 357
397 444
86 399
201 59
123 456
168 67
464 189
292 76
298 390
323 248
188 64
494 484
254 173
266 202
478 124
114 343
336 475
303 167
157 362
125 413
253 371
184 333
419 176
409 341
284 106
158 210
122 480
396 372
91 330
475 221
486 292
447 121
73 280
340 389
268 214
291 121
236 393
162 477
296 364
276 476
479 450
359 305
181 237
147 288
224 441
471 443
421 118
463 188
148 331
429 134
347 443
409 280
129 113
444 312
155 237
190 160
241 387
238 306
186 118
331 54
54 453
125 162
315 260
91 130
441 232
413 56
219 321
470 411
294 252
428 87
472 306
73 130
122 483
127 216
419 405
359 429
475 180
357 209
227 222
290 195
426 206
279 361
364 260
428 89
124 394
441 416
144 326
441 362
216 367
226 114
159 73
139 189
183 356
330 232
496 249
126 306
120 220
174 124
317 399
