1000 50
391 403
107 89
475 490
50 150
182 147
121 264
326 289
135 269
99 141
215 94
451 260
161 457
103 114
222 422
447 175
246 145
51 279
294 74
338 377
466 138
180 72
466 416
322 279
466 497
186 388
428 89
361 54
305 289
298 131
276 125
121 148
353 278
330 173
452 100
383 468
260 469
170 420
420 125
321 214
289 442
473 365
64 95
429 273
482 96
389 159
402 119
266 321
130 206
279 104
214 141
392 254
360 116
390 372
261 60
416 438
450 428
307 143
198 467
275 165
262 158
137 361
61 165
51 281
450 346
375 129
386 339
130 240
160 161
326 278
124 414
384 375
353 381
214 459
362 448
450 345
211 89
319 441
159 268
381 85
168 145
93 292
440 414
114 469
500 306
254 242
194 454
306 493
262 164
221 156
222 439
318 198
411 379
369 494
475 216
82 110
178 469
312 131
359 453
97 63
223 496
500 86
367 452
230 479
472 494
288 382
378 380
438 335
275 166
335 122
87 97
421 220
338 388
264 188
373 403
77 346
277 365
296 96
213 378
404 162
174 390
373 443
343 434
135 394
141 91
263 453
456 217
288 428
102 59
442 105
423 262
273 381
417 167
268 213
354 67
156 453
445 81
441 188
51 241
500 170
256 260
355 385
232 298
475 86
382 79
453 145
365 192
141 310
328 498
224 297
482 81
446 224
297 340
349 346
88 270
63 432
481 314
405 249
346 347
457 302
493 400
298 333
110 320
317 84
301 129
404 237
83 174
164 98
235 451
401 235
55 116
51 466
101 151
80 362
247 387
85 451
101 441
368 347
91 127
434 128
263 385
89 305
351 486
454 132
258 322
204 312
320 116
300 297
275 237
446 354
349 200
232 308
56 378
497 368
484 492
236 183
213 94
251 131
67 55
483 374
428 378
500 398
175 161
211 463
83 441
469 499
291 390
218 393
469 90
461 396
78 422
159 132
257 66
75 204
395 163
328 279
144 187
286 246
401 184
66 196
174 264
68 372
150 453
344 312
410 172
112 153
106 297
247 486
372 142
460 176
392 303
63 135
125 385
488 468
398 373
490 92
346 104
467 448
178 358
355 462
145 152
453 437
348 438
59 297
63 332
87 167
196 132
197 484
61 365
408 465
301 421
396 159
348 202
173 294
341 109
445 174
140 440
183 396
233 330
193 146
366 79
128 349
196 286
316 261
475 227
420 93
157 492
140 374
388 205
241 309
131 225
222 497
470 180
73 381
360 157
396 323
247 458
162 57
374 431
497 281
190 401
428 391
231 257
264 466
494 269
209 393
51 259
426 427
381 242
358 345
131 211
311 131
368 158
425 201
236 96
293 293
102 420
382 449
242 176
406 71
487 478
342 254
235 93
326 286
496 398
178 92
177 115
50 394
231 400
222 239
138 397
342 149
354 189
213 483
328 461
444 290
492 227
280 492
171 382
330 325
467 201
339 383
225 50
70 307
101 193
418 50
362 404
406 457
92 120
292 200
163 253
92 238
440 454
486 318
51 381
173 130
411 229
101 344
119 479
115 194
123 340
151 423
234 496
190 322
301 64
150 55
253 281
385 336
442 108
421 137
134 423
137 468
224 222
298 372
131 354
103 371
435 70
147 112
71 236
307 205
394 428
234 115
325 405
145 326
215 180
201 486
93 183
450 65
452 182
54 264
191 151
334 282
323 183
197 219
394 135
320 236
452 262
254 373
351 120
295 312
198 93
75 156
289 406
491 121
73 294
297 428
316 225
328 127
462 98
108 306
371 404
441 484
442 142
447 420
195 292
261 484
419 60
398 199
397 92
361 58
264 317
65 107
369 258
341 257
139 63
88 104
406 89
255 462
290 310
400 294
210 362
309 421
338 159
450 198
227 320
242 309
50 60
415 379
82 398
247 435
157 272
262 254
350 470
486 376
284 87
338 138
434 263
443 237
410 431
422 480
227 484
154 268
387 126
437 195
283 385
170 187
302 277
396 212
117 357
280 455
71 234
335 243
284 116
452 429
93 227
426 57
464 415
226 234
385 189
235 132
310 424
356 333
127 97
352 385
73 380
260 143
82 237
139 65
286 94
136 280
307 430
414 332
316 338
335 71
417 175
402 174
440 186
475 137
145 475
341 153
282 439
173 427
393 104
330 475
116 311
419 85
428 129
301 301
424 247
231 449
341 327
271 187
93 253
381 480
67 391
141 363
276 186
59 258
95 151
113 374
220 287
310 170
291 337
305 129
368 243
297 272
177 249
396 148
282 67
255 183
412 452
369 140
282 484
488 414
341 478
461 472
183 157
307 117
173 410
162 203
484 444
476 163
458 205
295 379
63 307
401 307
99 137
324 382
106 123
393 56
77 356
176 409
264 147
380 64
350 124
395 383
389 471
168 173
490 130
270 232
385 51
202 403
149 186
91 77
104 344
196 489
412 333
172 112
440 397
184 393
283 382
264 389
496 56
238 61
466 166
331 328
454 131
165 160
218 355
283 418
247 448
384 385
488 89
500 412
392 397
332 54
268 387
148 372
81 71
357 258
408 219
411 283
77 254
368 382
283 179
194 162
245 432
152 81
107 158
196 369
427 339
129 51
372 485
247 232
90 295
241 382
422 477
113 312
301 70
60 256
209 318
314 422
319 295
318 187
490 90
109 348
476 252
325 85
483 311
288 366
170 313
92 283
467 87
394 413
463 221
380 381
371 177
172 67
448 269
395 361
260 480
412 245
304 298
429 100
498 375
372 387
405 331
433 193
273 441
154 224
323 435
76 334
118 469
161 307
283 398
230 91
367 360
417 82
176 462
419 224
314 256
410 370
438 484
482 445
87 271
65 489
462 90
287 354
112 453
377 206
321 84
497 275
361 370
120 254
440 138
179 300
167 295
488 464
62 460
309 436
370 207
230 253
267 92
107 486
292 311
461 372
147 478
276 406
469 101
217 163
357 204
428 52
275 304
79 353
98 200
336 188
375 485
190 61
179 186
421 169
172 412
250 322
435 78
491 416
322 215
160 411
80 70
174 117
290 458
414 491
259 115
51 144
337 420
308 404
304 144
309 262
115 298
358 220
241 395
162 145
405 191
433 118
362 248
336 459
292 192
351 199
186 143
158 189
301 368
183 470
127 276
290 287
217 440
459 205
464 383
227 359
421 494
424 292
352 88
171 373
425 245
273 93
393 306
273 495
234 263
85 290
71 451
317 267
377 112
206 68
428 190
263 470
347 247
329 175
454 175
335 433
174 485
67 491
283 163
142 136
128 224
493 363
179 380
106 172
265 470
260 422
62 124
210 241
458 166
97 482
351 87
53 76
431 257
82 311
321 392
421 304
213 190
241 357
111 305
90 401
392 480
365 380
66 77
336 291
239 359
488 300
69 324
64 352
267 248
364 492
311 53
241 60
487 142
324 412
388 56
307 443
396 394
343 191
202 468
461 429
497 71
327 332
380 50
412 404
296 177
356 97
331 100
207 407
345 112
61 135
313 328
359 108
244 261
268 200
385 136
86 332
248 312
271 241
335 266
309 72
418 321
336 414
333 328
468 149
144 145
373 55
309 146
401 175
117 316
152 172
426 465
125 397
220 196
208 350
331 368
127 331
371 62
193 472
113 167
117 274
152 290
287 68
267 371
164 311
466 380
279 120
375 302
336 273
437 194
367 332
109 93
430 469
145 117
358 301
274 134
210 224
134 226
92 231
53 278
470 343
465 181
370 309
230 222
281 196
424 69
202 488
291 447
347 220
431 283
214 346
114 326
115 364
146 267
231 165
86 389
158 412
125 250
300 257
249 375
244 219
56 127
89 340
456 421
217 366
154 146
499 443
241 50
124 75
285 283
266 425
67 150
254 72
207 192
162 287
371 408
288 176
427 101
477 213
430 232
333 246
161 141
96 128
259 237
325 299
252 376
116 253
112 332
169 217
152 233
50 188
188 293
284 94
394 86
110 425
168 478
133 404
439 306
401 242
347 487
359 99
415 322
82 346
174 179
408 98
281 290
214 493
394 174
151 378
240 76
288 463
91 124
257 352
338 420
268 111
294 384
469 118
239 394
302 350
252 328
227 235
273 219
470 95
345 265
211 72
357 309
98 82
306 254
286 329
455 228
92 129
226 492
418 362
60 70
227 387
218 255
433 428
490 67
220 365
318 444
432 158
51 325
412 264
84 79
189 308
214 332
132 346
256 174
394 213
366 97
380 184
131 312
412 374
175 313
438 359
470 480
443 390
170 201
163 137
131 170
209 54
151 296
174 355
236 332
167 306
339 353
133 326
430 294
320 272
437 221
240 348
329 289
493 74
440 123
261 483
412 223
72 235
213 167
200 395
139 130
50 65
134 65
493 425
173 104
486 136
289 274
463 111
285 442
446 422
270 222
135 304
320 234
462 484
59 225
377 387
438 65
262 99
240 478
90 191
315 93
181 157
63 479
260 490
336 132
51 368
331 232
141 449
325 99
191 133
229 482
375 229
107 326
273 99
477 290
355 279
118 224
224 354
439 447
244 280
217 299
215 73
427 117
