1000 50
195 310
127 345
170 78
182 364
417 421
214 64
241 405
236 314
106 386
68 229
215 74
161 470
70 476
451 267
390 477
203 482
179 150
480 205
324 105
288 410
215 313
275 52
61 248
172 156
255 423
456 266
500 297
252 115
157 132
212 388
477 404
472 404
462 272
340 149
410 497
249 131
303 73
322 194
130 152
293 128
294 100
460 134
442 80
406 126
375 223
371 456
226 129
293 451
108 452
164 288
404 263
55 496
421 169
156 405
59 166
50 339
481 313
484 425
326 155
454 387
70 71
153 340
425 229
308 443
149 85
174 55
393 287
214 480
228 55
462 285
98 191
77 428
466 370
212 113
275 307
413 355
461 185
362 159
442 245
283 498
406 328
260 269
55 171
105 368
208 402
289 274
198 249
214 245
207 151
325 432
114 437
308 383
315 288
491 466
209 254
460 433
251 215
281 308
496 412
108 282
416 133
306 468
408 331
172 289
161 90
483 188
104 259
208 466
244 335
100 216
345 391
308 227
373 91
182 319
224 209
424 480
409 397
452 222
290 326
73 258
295 54
177 242
228 187
121 268
203 199
488 360
104 249
143 420
291 444
440 406
252 55
219 191
351 364
372 422
103 62
391 324
134 396
461 213
82 201
302 332
429 383
447 311
154 177
353 496
314 306
497 229
165 442
410 455
233 127
98 269
277 409
133 155
132 213
333 223
64 335
131 161
237 437
127 147
275 367
475 386
143 380
478 379
186 410
91 64
168 390
258 314
203 185
476 352
436 385
149 228
176 468
363 391
212 68
395 163
142 289
495 370
128 108
463 489
194 152
365 376
193 480
142 343
251 358
437 218
76 114
435 310
89 309
250 242
452 116
138 468
465 478
306 251
364 496
325 472
432 232
75 321
136 313
115 132
285 295
161 212
158 341
198 65
153 384
494 197
389 369
269 122
458 347
77 357
93 433
475 367
376 99
243 443
240 157
292 412
293 211
225 77
208 373
389 321
315 68
449 51
411 339
71 394
221 142
325 447
498 148
74 72
220 232
127 463
155 249
411 358
468 409
317 150
495 343
461 127
174 362
303 145
485 193
129 168
404 288
164 167
402 444
118 378
98 91
257 428
266 237
238 433
55 350
467 111
156 346
344 219
178 332
494 467
168 104
222 150
145 419
288 423
442 247
473 246
284 383
163 489
455 240
359 328
318 341
416 420
405 135
492 118
331 356
439 375
445 235
63 208
289 380
206 410
98 192
314 476
166 198
432 93
384 319
402 274
481 314
115 341
261 439
164 125
452 458
441 196
54 72
254 75
259 71
302 220
472 490
361 453
344 323
407 355
105 397
56 201
93 381
373 119
452 434
167 196
253 127
233 436
91 254
353 165
102 440
162 258
71 228
55 290
273 220
441 274
176 120
327 448
364 473
77 191
130 114
457 89
265 55
336 355
212 354
159 188
358 258
163 454
143 350
147 485
416 104
363 443
339 349
216 292
113 214
354 203
430 202
277 321
470 421
379 492
435 221
474 172
478 498
320 222
430 290
335 193
331 464
433 225
489 74
317 162
384 437
322 241
198 233
52 107
351 268
389 50
193 367
348 270
361 90
487 178
138 426
170 486
456 212
364 288
404 263
167 246
421 448
379 404
365 397
196 171
239 264
404 309
347 319
226 97
493 351
69 483
80 131
249 59
227 196
433 341
158 451
84 159
364 238
227 255
238 481
369 448
408 69
359 274
437 122
89 433
131 119
204 210
269 383
245 423
284 59
217 462
315 362
433 421
90 72
317 418
448 172
460 478
459 443
470 484
373 233
266 278
222 67
91 465
140 153
70 119
317 193
380 96
187 342
290 459
152 219
275 333
476 366
172 231
69 353
145 237
420 351
453 124
416 216
344 239
242 345
386 428
181 432
274 119
234 59
277 456
463 307
428 484
88 177
56 403
185 119
427 243
291 494
357 351
220 62
277 342
246 425
183 191
324 54
372 408
500 169
278 302
492 95
251 176
117 283
180 377
361 220
381 223
185 319
249 248
408 356
284 204
155 406
172 411
348 446
373 356
442 115
364 77
339 266
129 268
177 310
342 160
262 328
406 284
248 224
391 275
280 272
306 118
293 252
125 277
254 161
107 439
255 417
288 373
85 139
134 415
57 53
221 443
270 228
250 144
64 266
378 140
161 175
379 75
186 115
223 497
441 110
358 234
62 66
299 292
464 363
454 440
315 423
90 259
151 176
478 306
214 298
406 221
428 78
332 472
263 219
214 111
246 440
479 452
264 365
207 131
279 153
237 439
248 315
358 353
474 266
377 366
412 459
327 314
112 303
232 282
267 362
330 224
330 183
500 155
194 69
65 241
488 380
134 122
84 192
432 239
52 333
175 183
344 158
192 83
76 378
172 70
129 495
425 284
142 59
466 348
338 263
479 139
361 344
237 290
305 414
138 332
93 140
197 161
188 119
370 95
74 260
308 347
424 402
312 175
162 351
422 453
210 276
321 282
289 117
358 221
400 435
270 319
373 493
405 81
266 400
56 482
83 214
146 270
151 131
151 189
356 460
209 398
418 103
276 296
441 410
60 374
394 236
347 53
447 310
346 161
242 231
123 102
473 355
85 440
99 153
462 349
350 235
351 433
50 146
276 264
295 262
491 483
98 203
216 107
485 105
253 369
112 180
457 120
369 414
72 172
180 376
214 491
53 332
110 333
428 57
322 169
374 179
144 434
191 412
379 472
462 111
496 303
422 98
340 391
268 459
336 79
272 267
149 214
457 163
109 410
245 349
418 304
313 437
416 381
450 114
371 116
115 93
52 192
123 276
286 144
129 115
415 451
120 91
473 384
202 92
378 171
375 346
424 155
251 340
362 357
484 62
234 74
413 404
111 497
180 280
81 317
480 326
310 268
349 75
124 413
384 404
243 327
217 186
276 416
459 189
217 236
80 243
127 491
397 226
116 286
346 484
309 97
293 142
280 445
462 80
54 69
238 316
459 169
299 130
82 198
300 309
399 291
209 90
301 387
386 420
222 300
157 411
78 197
229 305
224 495
441 367
250 484
379 345
340 191
277 194
398 198
92 467
480 143
379 365
317 321
163 81
194 498
273 148
138 481
270 333
371 425
468 410
425 147
328 356
460 67
437 378
430 135
497 262
437 295
335 252
399 489
255 459
208 54
499 52
73 290
404 190
164 428
433 341
330 72
458 364
316 292
327 374
500 250
118 307
433 481
402 453
333 108
181 453
440 328
281 116
107 103
172 78
202 361
288 139
494 64
52 219
319 466
364 175
355 212
295 241
451 489
458 495
371 393
480 362
356 260
202 85
207 138
73 75
72 415
154 256
180 272
349 470
80 231
478 104
198 314
339 215
451 477
310 310
359 430
361 165
445 108
74 270
311 234
411 436
92 181
54 210
284 271
182 383
348 110
459 381
67 428
439 450
61 325
110 110
109 245
321 320
421 314
200 291
318 200
365 151
379 384
412 285
185 339
200 366
255 128
208 208
181 53
455 133
162 137
123 430
160 76
424 437
283 298
174 253
162 295
107 474
92 479
385 480
205 168
86 67
190 271
152 440
55 186
336 240
181 469
125 229
57 388
345 276
173 273
261 62
114 312
218 241
317 460
149 117
142 394
493 257
260 264
396 357
316 491
251 394
475 397
136 50
329 80
53 429
473 474
231 289
164 343
305 458
314 142
389 370
218 279
291 127
412 165
307 101
491 217
373 230
426 439
120 155
367 443
326 348
112 186
428 67
492 233
338 251
213 444
303 172
325 275
409 133
333 52
435 190
414 279
174 182
473 269
463 137
242 450
262 461
70 223
280 391
194 102
229 125
435 246
331 374
160 295
225 59
339 379
196 416
199 61
112 459
170 342
293 337
358 52
295 98
160 272
163 258
359 319
70 309
324 296
250 173
191 377
145 152
336 200
136 391
349 255
107 462
474 413
243 365
376 489
389 333
230 323
304 295
180 195
216 274
363 326
164 473
248 380
373 390
354 239
248 412
361 187
355 334
194 186
181 471
275 436
104 238
188 351
317 74
125 223
463 81
278 440
266 452
208 400
415 430
412 104
155 299
246 461
240 398
337 246
92 384
206 284
281 421
342 324
487 271
331 205
290 397
379 239
230 247
498 431
205 318
328 348
79 135
441 356
354 379
145 498
392 296
410 445
232 293
89 86
65 195
116 476
172 223
341 237
125 154
155 429
56 264
99 272
230 405
157 153
390 91
259 350
83 240
327 353
173 245
307 83
80 134
157 99
274 82
134 137
158 401
298 275
204 280
92 478
427 254
296 405
234 382
180 184
382 419
54 496
357 301
141 477
232 184
261 137
342 468
382 241
442 304
467 490
312 266
328 424
219 404
344 268
178 62
496 164
389 384
247 476
307 324
240 497
491 482
436 368
256 492
333 232
56 52
354 61
153 150
469 282
480 444
436 386
156 301
265 238
205 470
51 180
358 146
280 205
477 382
289 216
126 327
229 189
491 73
247 224
480 246
402 255
398 129
58 367
211 387
72 159
