1000 50
296 187
272 399
366 336
270 359
312 373
226 126
63 62
187 183
215 301
456 454
109 170
254 474
386 259
330 337
212 481
470 219
484 467
235 413
293 220
458 385
86 331
244 252
418 400
101 392
377 50
293 100
216 279
299 314
334 258
335 342
430 81
167 167
417 466
333 499
211 350
107 233
319 350
169 427
159 368
88 64
213 186
162 227
381 125
442 471
358 417
317 63
286 489
66 498
308 402
115 431
482 233
94 232
274 65
493 441
430 144
421 291
124 383
219 238
439 334
90 314
337 322
189 362
334 346
284 372
199 494
401 318
243 443
454 129
347 201
120 470
468 152
384 206
114 481
226 477
178 433
311 94
217 81
418 156
155 244
205 101
496 424
421 405
260 432
303 221
239 450
87 390
131 322
300 198
462 95
125 257
213 194
255 250
208 432
453 90
345 98
474 412
433 106
419 103
326 210
102 247
101 198
343 175
107 92
58 462
449 353
363 496
328 429
252 153
176 212
237 311
280 194
398 345
111 82
289 491
406 459
316 309
381 144
220 56
424 263
426 494
390 449
470 93
236 487
477 283
432 326
223 220
196 169
293 105
165 351
252 263
278 143
481 260
60 167
284 126
284 424
181 322
256 125
380 488
206 192
98 333
101 427
251 66
356 241
370 315
277 388
344 172
376 212
177 147
400 104
363 269
395 401
444 167
490 374
425 394
495 387
335 126
379 178
291 292
370 106
227 296
317 198
113 355
475 217
55 449
299 251
456 325
106 312
139 228
217 405
468 500
122 457
345 362
209 149
465 73
179 416
464 67
137 195
94 154
359 169
227 77
368 327
242 316
367 445
178 387
346 345
194 165
414 219
183 445
111 127
139 444
340 480
377 279
385 62
277 82
476 153
75 249
292 283
120 279
156 146
241 282
398 284
63 255
167 403
259 175
462 414
182 189
430 432
133 193
192 117
122 177
454 425
425 286
283 88
198 210
373 300
69 418
121 185
220 134
136 270
226 99
381 429
151 67
400 136
295 289
396 246
99 346
157 52
207 432
347 258
495 100
410 149
255 242
278 322
431 478
370 440
65 452
183 479
182 155
356 202
69 422
458 84
422 350
442 387
227 148
332 143
241 92
241 252
358 472
423 365
379 438
270 171
68 283
263 289
136 278
61 485
245 104
388 198
280 420
150 307
69 242
257 147
488 348
479 61
482 100
378 442
288 398
344 355
242 409
89 325
85 416
367 275
191 89
114 231
118 375
53 245
107 232
170 485
97 441
178 98
288 62
117 280
370 404
474 489
483 462
334 78
296 290
173 73
259 435
322 243
453 121
490 425
320 109
215 464
59 442
310 95
190 77
490 205
448 188
342 83
78 296
163 378
299 272
358 260
459 271
408 145
369 395
185 146
450 453
52 199
151 296
396 161
473 248
292 164
131 426
217 448
407 333
385 97
100 424
379 247
255 164
424 232
116 349
431 67
402 378
315 134
333 394
186 58
177 106
149 483
187 305
337 403
370 136
64 91
244 468
318 420
89 463
453 171
282 131
431 65
123 314
326 356
141 490
259 114
429 441
109 394
466 405
344 341
163 175
437 60
439 200
177 454
74 249
395 202
446 146
329 422
185 85
167 429
214 425
498 495
401 226
400 130
196 334
198 477
314 65
222 130
239 214
110 392
71 460
385 435
407 186
413 215
480 443
233 257
481 301
399 246
100 398
486 238
330 147
153 483
151 308
262 395
231 196
78 318
97 295
425 191
461 148
175 82
350 98
388 481
388 75
60 316
126 217
419 108
365 271
264 202
111 203
247 168
176 330
148 59
290 269
342 115
400 337
94 199
211 343
212 377
439 152
458 201
109 408
200 397
169 251
398 111
307 202
170 416
388 365
108 86
208 54
432 180
414 375
446 107
349 418
77 445
165 297
171 397
194 184
355 254
437 81
184 424
316 431
367 116
129 215
326 61
274 366
267 295
219 274
243 53
388 419
241 304
98 129
362 190
90 159
466 476
187 96
409 51
330 280
78 95
321 432
84 181
259 65
107 159
431 198
151 106
313 330
365 200
457 208
154 393
271 396
223 415
364 475
107 421
422 190
154 389
237 469
485 245
466 208
326 433
136 283
71 322
291 442
410 198
483 475
93 236
196 93
452 393
361 461
391 288
171 487
95 481
421 375
169 393
134 473
495 76
91 84
286 321
209 208
165 414
304 298
95 105
75 293
79 499
154 348
63 119
258 273
127 423
80 414
290 350
192 413
320 286
263 316
186 326
293 195
161 166
118 375
313 304
447 207
489 259
483 147
255 411
272 67
159 453
65 302
119 233
66 406
256 335
426 117
431 349
255 474
222 391
230 484
127 70
180 233
76 402
67 194
500 413
486 285
88 380
436 280
453 385
479 481
362 115
337 205
203 483
121 371
183 329
144 253
173 293
431 368
373 143
337 113
398 150
408 153
214 299
477 130
135 180
243 100
391 243
179 498
228 51
51 449
293 154
357 150
340 253
199 90
454 320
114 447
52 378
219 242
136 54
72 366
421 425
225 324
224 408
325 332
132 170
182 409
140 324
300 469
311 434
90 484
302 449
290 377
394 352
421 231
120 253
279 243
498 429
429 362
269 310
157 337
322 453
255 140
330 453
241 456
490 95
162 161
368 177
493 387
171 333
437 463
458 61
92 346
367 282
58 50
140 429
402 317
482 366
388 262
184 102
451 135
378 228
74 181
264 238
158 320
255 292
431 351
475 161
283 256
390 91
123 178
255 165
250 83
362 160
341 365
325 55
389 119
224 166
261 151
98 220
50 168
497 453
205 220
52 367
424 207
257 222
456 373
355 382
412 160
320 79
203 228
162 190
382 59
103 488
339 260
75 205
136 372
431 343
356 256
275 242
125 232
190 418
262 90
213 301
93 340
452 320
255 188
135 496
323 487
218 183
477 249
424 282
104 65
77 114
233 313
192 348
194 209
358 117
328 172
168 458
292 85
97 208
445 194
63 87
422 495
466 97
111 364
60 499
333 386
415 363
248 292
89 88
177 488
88 204
353 322
184 117
469 389
97 189
352 105
214 349
54 438
142 302
97 153
320 84
102 485
221 450
437 365
61 233
372 178
351 130
63 96
285 109
449 240
156 437
299 417
474 447
162 478
313 265
342 346
388 385
129 402
329 182
305 91
61 57
311 117
397 261
146 243
356 52
169 168
418 292
180 286
317 338
203 258
202 143
133 226
95 171
425 485
197 337
204 123
224 465
489 133
153 117
451 335
355 262
304 389
195 300
200 382
233 441
211 221
200 157
421 368
349 344
329 323
486 331
271 269
262 437
445 184
163 253
418 131
352 253
79 366
236 214
275 430
116 350
209 374
172 78
143 229
257 280
215 292
347 265
281 371
335 183
496 432
442 272
410 230
158 165
256 79
93 349
296 130
237 392
412 500
194 239
166 414
385 283
470 318
286 150
64 260
203 407
402 425
239 246
354 196
164 489
135 265
488 116
246 462
248 377
112 431
232 94
215 73
338 135
377 432
144 495
340 490
173 111
149 109
470 141
474 225
486 91
180 71
475 425
173 397
300 490
248 119
399 158
271 411
87 359
183 242
329 267
250 436
487 491
67 376
280 75
472 467
54 110
129 135
291 499
425 371
73 354
149 385
491 163
60 253
427 312
340 421
208 232
67 437
181 436
346 187
247 379
448 457
459 261
500 150
351 431
454 112
419 173
52 137
435 185
389 470
411 115
371 311
453 414
310 308
175 425
443 430
76 148
337 151
181 339
488 300
336 142
429 434
397 52
406 356
414 368
484 232
394 250
105 341
188 462
246 422
304 128
496 100
380 100
205 353
338 129
279 261
282 454
224 192
241 375
494 107
492 385
457 473
437 62
256 113
151 362
327 248
433 92
107 358
323 93
289 382
365 382
220 210
314 212
116 382
211 385
156 493
319 499
158 203
161 417
338 321
52 439
123 198
190 486
230 499
196 159
145 401
494 192
421 292
137 133
160 316
82 99
283 473
365 474
306 341
274 70
462 279
488 401
122 164
317 60
102 378
347 322
130 379
231 334
116 62
399 107
310 183
341 250
263 71
328 481
443 67
440 101
325 154
392 256
276 419
267 181
492 221
389 315
121 215
72 69
137 143
353 215
158 106
436 169
74 496
142 338
394 481
144 99
159 167
245 352
161 352
183 136
160 191
434 141
304 281
399 476
54 343
399 58
258 483
176 259
270 291
270 486
481 443
82 421
110 363
432 485
358 399
336 483
483 169
387 234
481 396
352 318
277 293
457 381
449 56
481 412
301 83
68 390
325 171
211 63
185 343
111 75
316 194
344 203
471 413
282 418
306 81
340 492
175 296
413 306
432 291
69 389
135 114
155 68
110 85
104 462
431 172
380 487
477 149
302 247
260 321
384 109
60 291
126 111
443 107
203 181
242 116
106 319
459 215
314 119
181 145
308 334
390 377
144 133
329 425
471 177
86 72
415 378
190 71
341 277
110 109
248 103
241 237
236 396
144 69
183 487
105 132
