1000 50
239 269
398 88
267 366
304 472
99 278
375 383
105 249
133 489
170 93
132 252
387 88
202 474
186 233
449 213
216 142
332 464
56 132
255 250
82 54
497 370
79 330
327 411
408 54
82 245
478 264
388 425
63 481
430 219
411 270
112 395
146 57
380 179
293 465
500 424
196 132
271 375
334 207
462 431
450 476
103 236
139 75
143 280
429 125
313 130
116 266
461 414
245 154
282 281
323 420
386 236
298 374
140 60
159 414
402 136
286 184
220 337
452 281
122 83
136 333
64 175
115 412
63 425
398 125
427 226
171 111
391 349
443 432
131 252
109 96
233 233
449 417
462 180
56 329
293 101
212 403
231 353
430 436
51 95
376 373
112 123
136 243
397 237
214 167
315 459
364 111
92 298
324 199
408 178
146 133
241 139
445 485
238 301
89 102
139 213
325 426
177 384
266 425
131 111
88 227
481 390
76 479
215 357
220 144
66 213
126 114
165 259
415 262
270 62
356 342
195 150
108 143
360 490
103 382
305 143
84 373
486 218
103 92
286 231
394 474
365 332
56 195
304 436
475 446
83 105
364 262
429 159
61 431
111 90
386 316
241 149
72 378
394 484
271 109
480 315
278 157
365 413
411 335
381 83
97 53
99 448
457 456
54 227
65 208
217 272
380 397
91 64
324 140
263 282
139 433
196 96
383 292
373 113
155 358
446 99
293 164
142 180
175 425
243 131
163 85
473 493
406 54
341 483
484 118
231 155
477 109
123 415
173 377
101 54
102 447
291 107
492 408
147 67
92 223
377 341
200 495
246 265
243 260
330 258
150 274
450 259
73 354
390 268
252 202
231 281
485 101
167 435
276 431
300 303
338 57
285 397
437 371
57 170
436 414
193 358
174 187
168 307
291 157
447 455
468 405
71 150
394 240
392 113
309 478
474 192
57 384
73 150
315 423
295 366
108 377
126 81
225 218
131 241
182 281
318 178
426 449
392 271
447 326
216 366
286 437
264 228
427 414
340 353
270 452
106 399
198 149
435 64
208 222
438 319
112 378
258 417
197 86
80 481
470 498
86 159
231 312
411 465
369 413
477 284
124 128
401 66
427 430
195 245
346 183
74 379
426 313
284 327
162 396
239 493
416 305
153 391
131 428
101 490
438 419
394 162
259 142
396 292
403 225
243 138
128 78
368 117
241 228
240 97
127 70
474 380
147 63
319 242
298 429
50 185
376 439
310 240
228 448
309 335
309 459
168 326
495 462
128 458
428 411
179 372
400 52
356 261
193 103
356 391
408 297
421 193
471 498
494 184
183 402
443 337
172 115
73 213
282 197
99 488
129 180
370 426
116 101
198 287
60 326
198 79
408 112
65 233
483 91
98 119
256 114
128 88
411 162
58 394
258 270
203 373
230 411
478 451
255 76
375 217
74 183
261 269
157 456
469 65
458 125
435 323
385 422
474 263
400 237
147 498
169 274
133 321
229 102
251 494
75 271
203 67
480 65
387 317
257 205
331 337
359 292
179 225
379 461
163 151
167 442
50 164
489 252
458 261
170 220
391 97
309 127
240 267
176 260
500 84
462 135
247 499
250 118
478 437
255 253
314 492
370 65
237 116
135 371
80 152
163 337
143 295
237 188
351 153
171 365
250 130
450 168
235 404
390 353
366 129
259 103
418 410
378 465
403 102
142 223
410 442
219 337
218 291
90 105
452 173
386 129
491 161
131 419
63 332
199 409
114 234
256 339
341 197
392 340
347 253
493 90
449 490
223 289
438 439
215 119
208 284
346 86
191 166
200 154
335 429
466 399
344 251
408 221
116 267
445 383
371 467
163 140
129 318
180 275
129 423
154 188
259 140
433 173
94 213
122 140
149 56
196 408
240 417
363 429
333 208
172 350
176 374
142 391
69 327
236 453
392 198
82 478
129 463
416 261
404 232
138 369
445 307
133 368
463 345
382 369
337 455
466 314
449 372
211 295
299 324
181 194
297 199
291 207
289 148
59 241
494 123
275 343
251 158
105 418
174 399
221 403
135 314
473 206
173 148
237 363
278 208
389 72
301 187
484 383
157 65
216 420
225 495
323 488
327 189
293 498
195 391
228 66
85 398
309 139
365 179
353 274
205 68
474 479
139 53
211 132
382 491
254 130
459 355
214 249
340 306
476 474
230 391
182 474
432 246
204 457
300 457
478 458
62 350
336 188
61 308
438 353
167 363
492 196
107 134
166 378
403 153
88 307
241 265
198 479
105 461
344 54
385 438
477 301
115 145
111 234
364 222
397 258
445 112
288 64
153 476
204 407
459 289
490 462
336 87
331 279
252 135
123 442
415 222
369 55
404 278
297 476
410 485
444 85
103 334
383 132
138 262
382 89
83 63
150 219
397 479
319 96
217 80
194 309
347 399
129 442
473 81
178 447
466 321
460 329
61 390
343 296
433 299
320 115
320 466
452 324
159 84
406 414
312 125
125 433
152 432
380 141
474 494
134 127
443 154
218 223
146 462
248 416
257 360
298 342
133 295
392 190
293 144
138 287
54 97
146 171
223 185
88 135
393 486
492 82
352 430
353 55
418 307
382 382
86 490
70 349
88 429
218 171
302 111
335 306
210 343
347 294
207 87
52 331
230 179
124 177
389 52
298 130
490 309
322 404
143 322
102 372
266 303
322 457
178 218
226 217
329 420
411 467
439 74
225 397
190 376
68 137
56 335
221 126
143 367
468 256
199 165
243 416
321 240
336 86
153 366
68 469
121 145
373 136
143 405
393 339
303 349
211 385
156 278
449 477
230 284
343 60
312 329
452 243
193 195
258 457
295 313
365 161
58 488
127 126
167 467
359 243
417 275
68 83
343 482
421 455
364 157
170 391
62 124
203 255
395 309
210 369
288 391
249 131
452 213
59 184
456 299
212 69
264 59
189 419
246 182
436 212
426 289
143 428
174 66
138 472
445 246
381 80
386 80
288 178
483 395
322 349
472 360
238 323
55 147
183 362
56 361
143 54
450 66
478 352
245 69
209 365
327 304
370 211
205 95
310 345
81 473
189 362
170 186
101 213
303 334
354 111
222 413
492 392
343 168
462 299
322 422
340 378
366 219
267 326
394 435
304 239
478 469
79 409
443 70
485 158
119 410
160 239
133 370
259 134
482 326
123 257
109 304
465 377
304 359
339 339
318 496
124 345
425 486
404 323
58 355
468 377
115 144
105 98
66 61
414 231
53 185
457 342
314 394
240 72
165 336
221 182
308 376
157 469
155 336
297 133
430 470
436 487
253 177
345 460
256 454
256 72
182 178
465 412
167 416
233 470
215 322
125 210
468 124
65 241
314 131
315 435
289 319
444 334
58 476
439 322
423 442
476 254
139 170
136 372
348 408
216 223
87 194
185 322
289 87
301 500
458 460
177 264
451 495
401 420
461 467
323 233
93 434
294 265
338 102
155 260
396 182
161 455
469 289
241 473
216 300
395 142
388 108
453 143
316 438
71 417
392 138
199 137
59 183
289 453
221 234
499 306
183 118
356 113
370 128
391 120
151 124
401 57
275 170
374 416
216 59
397 362
478 353
423 256
480 313
410 308
381 441
170 104
50 296
379 329
327 351
358 406
320 172
217 499
356 102
129 463
214 389
311 257
368 388
221 323
430 195
346 284
442 104
497 223
312 436
269 295
190 469
200 424
121 407
270 73
437 165
462 310
488 112
233 399
107 85
113 174
173 498
167 491
279 277
183 390
342 460
175 90
256 135
293 345
261 471
312 89
152 278
81 328
156 165
212 430
109 463
326 388
472 76
136 158
222 402
435 54
135 83
124 102
254 203
216 367
382 72
362 225
239 345
493 150
241 212
244 280
164 362
468 405
157 55
299 247
379 220
166 434
369 142
382 471
380 201
358 443
196 313
76 265
61 458
172 353
405 127
132 250
190 358
57 184
249 334
250 353
444 113
234 74
433 449
163 251
438 202
400 73
73 199
412 148
217 410
358 334
417 149
153 211
149 314
250 229
175 269
405 161
228 155
360 482
126 494
158 182
106 393
252 418
84 425
271 387
317 406
64 316
236 141
475 232
206 396
429 242
221 204
190 292
279 77
278 497
493 96
134 247
199 258
139 268
64 136
469 360
435 453
291 119
76 404
305 206
293 476
306 289
486 331
418 145
289 101
363 264
104 78
364 467
361 244
177 316
282 182
444 168
403 140
274 500
442 327
96 421
264 298
130 246
475 344
122 499
134 51
336 486
468 315
93 200
459 227
152 257
434 184
179 93
165 56
175 185
429 450
414 239
320 145
377 173
61 360
343 499
225 484
207 231
374 296
338 434
189 438
282 275
480 120
68 186
439 188
449 475
466 173
97 96
483 152
389 345
122 249
472 83
107 263
209 153
403 307
467 154
189 379
224 294
326 123
267 415
352 100
150 395
95 201
385 82
471 117
336 500
298 152
491 461
79 496
190 378
462 85
224 185
351 319
391 478
57 279
476 240
70 95
204 493
309 74
279 443
265 65
104 68
177 325
478 98
245 328
