1000 50
70 224
235 262
251 301
302 477
202 56
331 53
350 390
103 414
119 92
83 259
270 216
284 322
125 155
168 381
151 249
217 63
294 340
198 334
277 193
464 254
481 129
273 367
411 327
262 275
195 152
365 136
420 182
263 90
84 101
345 353
229 484
348 301
275 144
391 364
421 64
461 167
388 85
217 95
327 124
277 204
363 255
482 366
357 316
107 116
304 352
96 452
465 230
202 419
431 406
396 223
94 420
282 95
328 217
210 125
221 373
373 316
215 215
197 452
121 183
70 488
91 239
286 55
119 476
188 495
88 246
438 476
72 56
249 188
250 250
156 388
489 89
443 492
435 259
318 225
293 287
166 204
348 290
386 353
417 108
295 303
386 441
367 50
463 223
212 149
368 489
224 398
424 287
78 337
407 335
332 498
101 262
420 245
276 460
453 210
376 109
474 305
101 377
98 302
410 423
253 178
94 438
412 393
351 455
335 375
387 498
51 314
183 339
462 84
185 110
72 278
226 72
297 141
177 324
127 345
473 367
201 457
424 125
208 86
89 417
260 85
443 214
424 481
455 448
288 393
401 68
481 316
71 95
285 389
200 305
207 233
135 53
180 406
294 471
54 209
53 232
414 414
213 401
469 207
463 182
83 201
264 299
388 106
459 438
284 103
412 272
275 385
198 249
162 124
451 432
467 485
241 148
119 258
137 214
453 146
351 399
276 262
344 203
97 137
142 449
78 241
374 414
375 456
384 253
422 286
485 73
306 375
350 254
280 252
287 292
323 320
337 158
401 291
290 269
80 397
167 64
348 210
468 235
281 429
97 373
107 331
187 84
257 168
444 315
476 130
182 275
56 489
87 475
228 258
52 62
484 470
316 169
230 377
306 487
313 442
234 325
362 57
426 234
426 237
427 64
425 243
104 116
119 393
305 281
359 124
422 472
278 488
289 336
99 221
150 484
494 195
287 270
126 396
128 86
104 293
222 308
106 469
212 465
208 319
250 214
292 419
110 162
223 185
325 361
295 486
210 266
331 372
67 191
303 304
497 378
424 223
387 426
206 67
150 256
158 101
163 85
115 499
440 330
422 246
479 124
278 451
321 420
372 413
448 319
324 355
261 467
97 251
294 486
93 382
55 430
265 376
496 273
290 357
137 489
473 172
137 433
151 96
367 156
247 213
458 267
192 351
276 143
372 390
343 475
317 224
323 212
389 252
424 340
272 207
335 75
201 450
185 327
280 231
132 226
195 404
69 234
372 144
473 374
493 445
154 176
172 399
329 88
446 370
420 221
351 453
428 113
466 404
419 363
138 474
107 480
155 483
303 317
462 312
102 107
116 303
103 113
490 217
499 127
286 441
370 149
371 490
189 481
151 424
277 201
150 338
272 366
170 104
134 199
246 175
354 484
52 425
430 96
229 139
349 348
450 221
79 356
138 218
147 483
305 256
119 475
141 134
295 138
55 140
127 116
79 487
159 323
123 205
93 86
392 103
415 198
57 102
113 206
319 360
51 350
466 314
60 352
80 219
455 133
323 205
437 226
176 94
308 313
99 52
77 465
432 140
249 245
380 211
104 476
118 359
437 163
251 366
62 121
288 435
116 233
211 114
273 304
69 369
166 377
251 204
242 241
361 458
302 479
129 160
442 188
293 159
377 441
365 241
415 77
176 221
211 411
248 103
414 181
336 157
280 224
377 431
353 475
382 215
147 114
267 230
267 124
141 281
197 208
118 407
470 362
186 310
439 323
194 174
363 145
235 443
253 189
267 493
138 380
404 149
383 468
321 197
149 237
105 68
406 95
225 416
271 106
133 286
239 174
459 317
174 421
355 386
486 398
430 146
131 280
493 207
454 212
260 142
205 249
72 129
283 426
472 155
495 298
488 282
152 219
188 253
430 107
334 214
251 390
57 237
346 178
415 131
230 483
460 260
423 493
430 472
169 184
170 440
71 283
289 112
446 55
465 105
363 308
235 255
372 185
209 459
279 129
497 443
296 355
194 442
276 248
330 309
390 369
64 283
220 462
486 53
227 59
59 194
385 360
216 450
252 271
326 327
131 93
326 111
400 391
122 322
57 107
78 462
289 219
165 483
192 371
100 240
367 170
314 152
490 314
354 95
435 483
127 479
442 108
226 166
98 435
158 371
137 417
345 371
193 367
243 420
235 491
202 100
166 57
491 413
366 450
299 498
67 250
240 127
228 77
70 376
393 357
70 459
132 383
176 406
52 475
362 137
272 370
164 367
353 317
142 375
385 278
92 301
290 190
456 474
217 84
280 185
300 498
421 426
118 194
335 244
319 296
415 214
324 132
206 99
117 72
390 315
317 489
490 258
117 146
151 380
139 61
75 190
326 271
448 138
115 70
261 242
371 246
403 370
445 423
323 374
276 463
428 240
208 261
449 469
99 465
289 481
217 391
378 136
99 285
299 439
476 435
86 125
255 409
440 146
93 247
139 213
381 282
137 485
209 453
403 329
454 255
400 319
499 334
86 231
398 273
371 275
64 441
251 404
461 82
232 162
372 354
430 80
87 432
377 331
271 339
395 311
325 66
93 50
196 435
224 85
301 402
411 67
391 480
366 249
398 424
108 113
106 156
177 344
444 70
327 202
86 478
398 304
454 359
221 86
303 57
274 122
492 322
230 283
101 338
92 425
103 235
446 293
60 307
354 320
175 271
264 490
247 56
179 289
437 65
75 353
210 426
331 160
422 133
442 190
50 500
185 279
241 418
219 177
261 171
132 466
499 253
318 237
102 59
54 125
207 337
89 414
469 477
223 417
297 437
378 73
211 88
227 296
418 121
330 122
367 278
426 354
469 441
337 68
294 346
119 318
74 416
345 352
268 144
342 82
367 312
62 462
99 312
142 422
208 78
323 207
175 156
418 314
121 173
173 319
155 399
322 335
340 143
415 175
108 449
53 57
458 92
79 54
240 269
405 395
301 302
53 108
121 255
349 198
436 168
90 469
456 372
156 373
134 475
51 312
373 106
249 269
155 316
378 354
413 88
241 111
235 375
264 473
155 169
347 64
483 198
155 315
458 121
447 268
226 159
54 82
410 86
108 323
287 159
389 498
405 396
396 310
481 376
338 484
449 121
309 260
245 264
321 100
386 426
429 401
208 190
489 456
69 293
57 144
378 406
412 441
112 145
148 276
97 189
262 396
385 177
473 191
495 271
260 259
436 106
276 168
386 96
224 171
364 214
284 213
92 50
241 294
305 208
366 441
351 433
342 144
139 339
303 184
131 372
330 279
278 419
279 179
78 239
231 264
405 89
318 138
244 311
87 382
455 53
380 85
266 499
430 441
369 469
215 89
353 362
101 238
354 148
130 332
400 258
368 424
382 74
392 323
99 384
176 247
246 254
388 106
400 473
296 274
146 220
106 72
447 146
74 260
395 186
106 333
411 373
383 327
123 495
198 158
230 425
341 300
154 286
361 51
255 187
128 97
196 172
341 71
450 432
475 180
325 253
114 377
68 287
453 271
71 72
488 457
209 322
394 194
140 265
248 405
403 155
206 375
423 162
158 254
451 480
349 340
206 234
139 436
325 193
135 275
481 465
458 408
459 207
385 287
153 414
500 223
86 445
227 390
333 410
62 364
52 202
255 106
463 478
327 152
294 120
60 104
167 283
291 304
74 354
125 424
204 90
414 356
341 177
445 441
273 96
300 170
226 423
366 58
205 57
178 203
396 94
111 116
286 386
303 397
468 323
330 103
251 442
297 193
96 224
124 364
272 220
159 293
364 254
378 463
308 485
185 151
214 354
439 353
381 495
196 290
492 70
173 409
280 258
132 319
97 192
235 157
333 249
250 383
444 358
282 327
388 377
54 393
262 238
483 217
119 461
100 388
306 426
309 191
125 196
82 162
263 339
407 323
357 207
204 246
82 247
207 337
87 165
391 124
79 73
369 330
188 64
432 479
403 52
149 453
220 137
148 104
140 127
432 430
207 357
348 109
100 196
180 259
190 217
147 154
311 217
245 388
432 156
352 171
424 145
244 115
480 403
338 158
242 72
324 124
468 324
366 258
57 80
257 421
260 291
429 304
403 74
305 63
481 97
440 280
162 317
396 391
208 74
437 321
63 92
382 384
197 430
93 259
112 51
389 268
86 152
93 143
490 233
465 496
467 72
216 445
300 367
177 351
66 121
56 275
136 241
313 356
320 221
353 69
189 234
239 224
393 65
309 323
303 79
315 477
111 84
90 319
314 107
129 263
387 135
69 229
372 352
95 308
211 248
69 372
84 221
363 139
304 205
106 460
235 428
193 498
235 247
402 145
448 205
138 375
139 300
168 482
119 219
315 475
345 206
498 380
88 331
347 74
448 384
494 291
74 483
307 363
379 387
486 86
474 433
63 286
383 312
311 151
58 147
294 247
169 110
283 167
156 369
267 372
331 188
228 77
451 360
303 403
408 266
439 275
51 72
83 498
292 51
198 110
118 169
145 396
359 124
462 304
261 277
106 402
455 269
474 62
86 427
419 104
145 107
85 137
