1000 50
432 411
200 420
395 179
318 122
174 451
71 220
170 230
473 245
389 431
223 257
396 330
462 268
382 252
367 457
80 374
146 89
474 269
447 345
469 311
160 363
374 263
140 390
206 351
284 53
106 166
96 227
303 358
362 329
336 110
396 289
381 85
174 142
50 495
359 401
191 178
285 423
61 84
328 383
125 158
297 475
183 345
459 357
318 266
449 479
342 82
161 315
243 499
165 69
432 313
198 289
464 416
446 323
140 150
316 208
152 295
499 230
455 447
440 254
116 331
164 84
342 166
439 399
267 212
224 424
459 191
120 330
425 302
123 304
448 372
368 157
236 62
465 200
120 56
319 91
421 397
87 303
178 395
232 145
145 154
330 236
189 356
101 160
241 366
56 464
444 258
369 454
393 327
316 424
406 377
242 163
391 449
367 368
404 304
100 54
331 490
202 283
210 65
69 134
436 174
170 269
352 451
319 284
431 187
276 144
171 168
389 199
239 441
284 229
494 479
308 191
315 82
177 420
229 71
382 111
277 220
173 225
296 242
497 198
170 289
459 412
338 391
115 146
437 170
300 138
305 363
406 197
80 168
66 210
373 329
282 471
202 69
173 425
251 470
147 286
145 267
56 73
352 410
150 362
380 276
91 425
80 91
133 475
93 445
373 57
81 295
476 233
58 51
365 244
435 144
332 450
93 237
265 440
357 500
248 375
302 204
289 79
173 73
491 207
444 133
457 85
129 489
344 213
241 107
367 472
370 63
370 313
414 61
279 489
479 111
178 294
124 487
59 335
232 186
168 384
227 179
106 482
264 341
239 223
174 417
231 353
144 334
53 375
52 423
406 127
499 181
428 199
358 147
301 496
167 482
333 209
237 485
109 270
406 373
86 50
231 435
390 51
265 90
68 411
124 370
60 87
482 132
341 482
260 221
340 322
181 115
406 118
368 419
330 478
345 249
63 205
421 403
251 345
399 349
477 105
271 468
113 262
96 400
101 109
375 363
102 293
395 337
276 306
136 234
75 486
165 190
478 256
482 56
52 490
284 409
383 196
415 277
178 445
189 168
138 289
258 409
68 160
138 359
154 269
281 85
147 355
217 193
379 97
252 142
479 327
382 479
448 92
480 282
441 182
181 71
218 373
429 217
121 80
350 239
201 182
245 325
363 130
223 385
71 463
122 133
423 388
196 405
332 162
206 325
81 139
481 472
357 122
68 97
241 83
115 445
432 193
396 132
176 329
269 465
491 465
349 387
311 264
368 462
455 320
457 341
439 170
315 486
162 197
456 342
408 312
320 381
246 121
175 316
214 131
125 92
222 445
285 98
153 125
145 488
404 188
173 130
282 345
340 400
185 189
229 169
250 288
106 112
407 76
496 175
452 259
108 286
331 332
419 460
382 127
325 62
316 333
461 482
294 414
364 384
461 455
451 472
259 439
285 470
491 70
490 169
326 61
249 445
137 297
210 492
350 442
178 121
114 273
88 435
453 208
190 321
203 228
388 50
111 460
472 460
496 145
233 413
200 302
147 110
239 222
316 330
83 475
397 119
359 272
223 103
158 445
314 94
344 289
223 60
378 89
374 309
444 58
251 282
228 472
397 484
352 143
246 498
324 127
483 85
488 326
60 220
165 260
387 216
482 304
179 273
463 142
477 310
309 258
244 322
330 247
247 471
383 306
150 365
344 486
334 368
150 314
71 446
94 313
316 412
470 230
261 194
410 71
486 255
232 231
378 56
144 369
81 135
209 304
331 448
461 424
182 61
361 184
322 125
209 159
245 100
376 427
301 218
178 416
274 457
244 157
281 496
343 77
137 163
178 450
443 360
210 351
175 486
225 375
89 95
440 296
371 125
428 441
136 420
374 297
211 63
302 316
431 289
184 357
424 362
155 451
163 51
300 342
173 412
340 408
297 393
345 130
146 274
72 410
363 400
389 129
237 136
280 102
307 393
136 438
230 429
132 57
397 475
123 136
207 394
391 221
192 498
110 121
187 196
117 318
491 302
356 153
239 70
468 106
206 261
486 313
305 207
181 412
99 113
196 428
208 280
427 92
291 124
375 142
53 368
280 432
154 264
432 311
140 172
320 310
398 162
270 175
249 94
76 336
278 58
443 268
82 475
163 66
480 163
175 284
465 173
198 355
189 300
344 138
153 451
165 117
53 107
463 332
62 67
129 310
106 71
157 183
458 440
230 94
69 470
438 173
280 246
316 413
110 52
302 121
112 395
438 362
157 373
310 301
132 314
142 135
266 85
69 147
444 336
462 188
118 196
484 483
354 89
307 340
98 430
442 449
455 98
439 305
207 88
316 205
150 338
90 78
305 460
140 359
170 69
165 293
153 162
428 430
368 279
261 317
110 370
80 355
222 361
383 347
429 111
87 143
291 117
444 404
212 188
491 338
286 175
500 334
397 121
412 482
370 193
500 328
134 237
375 415
210 436
301 303
266 492
345 228
352 418
346 141
297 388
224 327
462 366
435 75
230 220
329 399
70 66
438 378
142 455
137 187
271 277
479 82
323 381
392 246
283 144
206 172
96 96
162 200
302 319
70 485
274 365
66 387
448 205
390 407
363 132
228 289
208 51
398 492
266 337
89 453
124 321
152 495
374 477
193 109
278 160
69 89
361 341
499 272
332 158
211 208
220 429
412 120
285 192
374 121
120 96
360 475
253 381
210 463
279 492
261 418
247 332
370 377
141 322
423 298
451 248
471 380
255 499
164 207
420 273
277 467
456 146
225 68
264 180
304 55
217 242
393 187
259 306
429 435
71 353
180 146
316 399
366 365
317 485
500 287
226 150
324 52
79 70
136 281
54 270
167 298
348 185
312 339
129 273
456 387
303 137
251 466
251 276
113 59
383 199
235 200
53 451
154 155
171 98
433 122
401 160
234 443
472 233
404 200
197 498
413 86
424 218
287 400
117 87
133 195
135 462
442 193
260 363
183 281
348 173
455 268
119 499
115 69
65 120
443 395
70 129
274 402
324 372
385 322
288 226
83 398
267 333
102 203
196 406
217 472
93 288
416 373
247 111
149 326
328 489
235 253
367 341
89 288
297 181
66 355
205 59
175 402
387 466
429 281
186 130
55 208
81 293
407 233
170 453
350 68
406 124
222 209
61 320
157 466
420 280
180 359
365 422
70 281
465 326
64 359
110 351
394 95
283 91
297 416
294 417
371 81
389 167
372 138
339 118
153 219
302 341
217 442
317 347
396 88
450 87
387 442
345 281
343 207
497 370
284 486
424 267
312 183
294 452
500 336
390 158
331 350
158 183
433 318
139 443
333 178
466 238
64 225
88 152
135 150
234 229
201 82
102 86
104 166
281 194
471 62
145 113
154 410
455 460
122 93
151 474
210 455
280 331
188 306
250 494
75 76
87 340
401 381
62 227
489 172
414 55
392 227
142 199
395 459
494 254
329 138
208 446
339 239
120 292
359 110
403 108
176 346
223 70
121 347
241 83
465 269
59 423
336 97
56 320
315 425
210 75
351 330
260 227
76 461
288 333
328 446
277 319
402 299
288 95
411 81
418 223
403 279
346 202
151 136
191 433
112 116
164 209
336 152
328 185
267 228
133 107
297 191
213 173
432 397
390 179
133 394
116 446
309 336
181 139
500 261
59 148
363 493
365 455
53 160
368 337
448 70
390 348
352 304
384 319
333 464
434 84
64 472
450 155
200 250
225 434
247 400
236 362
166 317
129 441
380 192
410 389
412 494
219 388
172 307
467 165
455 194
60 442
304 254
83 133
475 163
330 459
389 343
317 255
423 334
134 223
450 423
494 101
443 61
436 276
99 227
77 83
201 379
347 130
423 277
285 205
275 424
81 226
400 210
337 474
111 208
473 394
321 444
179 122
404 207
332 195
370 148
255 316
439 486
291 108
260 111
383 212
155 95
475 436
231 178
62 472
177 499
461 406
481 262
278 364
79 183
408 349
180 125
240 406
343 204
319 434
289 156
324 488
300 107
96 457
157 107
417 380
446 369
186 447
155 105
377 325
350 340
52 137
179 174
298 128
146 135
195 226
282 57
490 479
172 61
365 251
316 154
162 417
140 431
444 287
91 163
304 134
151 443
382 421
51 448
363 213
399 147
70 247
330 389
170 287
284 373
265 203
205 264
332 121
65 318
283 283
216 233
280 343
444 142
345 212
92 467
224 400
498 387
322 491
439 393
281 152
419 302
325 86
55 150
92 289
79 490
364 168
366 442
144 147
190 77
306 108
274 205
222 261
143 131
258 251
386 171
329 350
334 132
283 279
232 238
446 312
206 455
198 414
395 244
256 388
344 135
301 383
163 306
180 242
228 396
98 316
140 424
186 231
203 401
368 124
137 118
175 376
420 170
466 444
237 296
382 437
297 201
325 156
302 222
235 125
167 124
367 480
388 339
222 431
322 176
382 199
91 322
177 474
81 290
134 448
140 259
341 267
119 102
296 206
81 334
122 113
328 463
458 354
472 204
454 117
129 378
84 146
470 499
346 329
187 97
396 206
180 423
